90
0	-3	-1	-3	-2	1	-17	-17	6	5	17	16	9	3	5	1	1	0	-9	-1	16	8	1	5	9	3	1	4	-16	-4	8	-5	-7	-13	-12	-6	-12	-7	3	6	-16	-12	-16	-14	-14	-10	-17	-13	-1	-2	1	-1	-4	1	1	0	-12	10	-1	-12	-9	-4	-6	-14	-9	14	-1	5	1	5	9	-4	2	2	-6	8	-8	-2	9	-1	9	-2	-3	11	9	6	7	5	9	10	
20
0	1180	1133	1149	1738	1622	2076	2150	1613	1891	2742	2791	3034	3471	4004	2982	3375	3185	3381	3803	3958	3681	3685	3896	4428	4851	4427	4138	3872	4075	4004	4019	4582	4780	4418	4033	4896	4294	4668	4701	4814	4624	5356	5264	4815	5076	5056	5292	4960	4994	4699	5032	5226	5436	5251	4989	4925	5237	5635	5486	5759	5339	5745	5720	5533	5419	6259	6021	6141	6075	6059	6023	6161	6008	6119	6061	5892	5739	6035	6046	6587	6704	6427	6596	6235	6460	6604	6940	6484	6614	
742	9.99999e+008	845	870	558	631	1086	1563	1343	1621	1753	1801	2374	3233	3494	2744	3137	2945	3141	3563	3718	3441	3445	3553	4188	4611	4187	3898	3632	3737	3911	3926	4244	4442	4080	3793	4558	4054	4428	4461	4545	4384	5156	5066	4575	4836	4816	5119	4650	4970	4696	4893	5248	5409	5224	4962	4922	5209	5572	5459	5601	5274	5678	5692	5506	5430	6281	5993	6076	6087	6032	6020	6096	5944	6055	5915	5934	5781	6077	6019	6560	6616	6400	6531	6170	6396	6539	6875	6425	6587	
552	291	9.99999e+008	689	849	922	1377	1699	1162	1440	2044	2092	2583	3484	3703	2892	3281	3094	3290	3712	3867	3590	3594	3805	4337	4760	4336	4047	3781	3886	3978	3992	4491	4591	4229	3942	4707	4203	4577	4610	4693	4533	5305	5213	4724	4985	4965	5240	4799	4943	4648	4981	5174	5385	5200	4938	4873	5186	5583	5435	5707	5287	5693	5668	5482	5367	6233	5969	6089	6024	6008	5971	6109	5956	6067	6011	5841	5688	5984	5995	6536	6653	6376	6544	6183	6408	6552	6888	6433	6563	
1508	1247	956	9.99999e+008	670	1223	937	1011	473	751	1603	1651	1894	2795	3014	2203	2592	2405	2601	3023	3178	2901	2905	3116	3648	4071	3647	3358	3092	3197	3289	3303	3802	3902	3540	3253	4018	3514	3888	3921	4004	3844	4616	4524	4035	4296	4276	4551	4110	4254	3959	4292	4485	4696	4511	4249	4184	4497	4894	4746	5018	4598	5004	4979	4793	4678	5544	5280	5400	5335	5319	5282	5420	5267	5378	5321	5152	4999	5295	5306	5847	5964	5687	5855	5494	5719	5863	6199	5744	5874	
1075	1559	1268	312	9.99999e+008	1535	1249	1323	785	1063	1915	1963	2206	3107	3326	2515	2904	2717	2913	3335	3490	3213	3217	3428	3960	4383	3959	3670	3404	3509	3568	3582	4114	4214	3852	3565	4330	3826	4200	4233	4316	4156	4920	4828	4347	4608	4588	4855	4422	4558	4263	4596	4789	5000	4815	4553	4489	4801	5199	5050	5323	4903	5309	5284	5097	4983	5823	5584	5705	5639	5623	5587	5725	5572	5683	5625	5456	5303	5599	5610	6151	6268	5991	6160	5799	6024	6168	6504	6048	6178	
1497	1236	954	980	668	9.99999e+008	455	932	1453	1146	1122	1170	1743	2602	2863	2113	2506	2314	2510	2932	3087	2810	2814	2923	3557	3980	3556	3267	3001	3106	3280	3295	3613	3811	3449	3162	3927	3423	3797	3830	3914	3753	4525	4435	3944	4205	4185	4488	4019	4339	4065	4262	4617	4778	4593	4331	4291	4578	4941	4828	4970	4643	5047	5061	4875	4799	5650	5362	5445	5456	5401	5389	5465	5313	5424	5284	5303	5150	5446	5388	5929	5985	5769	5900	5539	5765	5908	6244	5794	5956	
1777	1516	1234	1260	948	1020	9.99999e+008	1952	1733	2011	2142	2190	2763	3622	3883	3133	3526	3334	3530	3952	4107	3830	3834	3943	4577	5000	4576	4287	4021	4126	4300	4315	4633	4831	4469	4182	4947	4443	4817	4850	4934	4773	5545	5455	4964	5225	5205	5508	5039	5359	5085	5282	5637	5798	5613	5351	5311	5598	5961	5848	5990	5663	6067	6081	5895	5819	6670	6382	6465	6476	6421	6409	6485	6333	6444	6304	6323	6170	6466	6408	6949	7005	6789	6920	6559	6785	6928	7264	6814	6976	
1714	1453	1162	1188	876	1429	1144	9.99999e+008	597	214	1811	1669	1357	2151	2477	1662	2052	1865	2061	2483	2638	2361	2365	2576	3108	3531	3107	2818	2552	2657	2752	2766	3262	3362	3000	2713	3478	2974	3348	3381	3463	3304	4076	3986	3495	3756	3736	4039	3570	3742	3447	3780	3973	4184	3999	3737	3673	4025	4383	4274	4507	4087	4493	4468	4281	4167	5007	4768	4889	4823	4807	4771	4909	4756	4867	4821	4678	4526	4822	4835	5376	5465	5216	5344	4983	5208	5352	5688	5232	5362	
1878	1617	1326	1352	1040	1593	1308	537	9.99999e+008	278	1975	1733	1421	2219	2541	1730	2119	1932	2128	2550	2705	2428	2432	2643	3175	3598	3174	2885	2619	2724	2816	2830	3329	3429	3067	2780	3545	3041	3415	3448	3531	3371	4143	4053	3562	3823	3803	4103	3637	3806	3511	3844	4037	4248	4063	3801	3737	4092	4447	4342	4571	4151	4557	4532	4345	4231	5071	4832	4953	4887	4871	4835	4973	4820	4931	4885	4746	4593	4889	4902	5443	5529	5283	5408	5047	5272	5416	5752	5296	5426	
1973	1712	1421	1447	1135	1688	1403	259	856	9.99999e+008	2070	1455	1143	1941	2263	1452	1841	1654	1850	2272	2427	2150	2154	2365	2897	3320	2896	2607	2341	2446	2538	2552	3051	3151	2789	2502	3267	2763	3137	3170	3253	3093	3865	3775	3284	3545	3525	3825	3359	3528	3233	3566	3759	3970	3785	3523	3459	3814	4169	4064	4293	3873	4279	4254	4067	3953	4793	4554	4675	4609	4593	4557	4695	4542	4653	4607	4468	4315	4611	4624	5165	5251	5005	5130	4769	4994	5138	5474	5018	5148	
2449	2188	1897	1923	1611	2031	1011	736	1333	950	9.99999e+008	365	940	1786	1920	1297	1690	1503	1699	2129	2276	1999	2003	1978	2746	3169	2745	2456	2190	2303	2477	2492	2810	3008	2646	2351	3124	2612	2986	3019	3111	2942	3722	3632	3133	3394	3374	3685	3216	3536	3262	3459	3814	3975	3790	3528	3488	3767	4138	4017	4167	3840	4244	4258	4072	3996	4847	4559	4642	4653	4598	4586	4662	4510	4621	4481	4500	4347	4643	4577	5118	5174	4958	5097	4736	4962	5105	5441	4991	5153	
2131	1870	1579	1604	1292	1714	694	417	1014	631	874	9.99999e+008	1497	2274	2617	1867	1814	2068	2264	2686	2841	2564	2568	2676	3311	3734	3310	3021	2755	2842	2910	2925	3243	3393	3185	2916	3529	3177	3551	3584	3668	3507	3906	3814	3698	3959	3939	3842	3755	3544	3251	3582	3776	3986	3801	3539	3729	3787	4294	4036	4324	3998	4402	4270	4083	3969	4809	4571	4800	4625	4609	4682	4820	4667	4778	4609	4440	4287	4583	4596	5137	5254	4977	5255	4894	5119	5263	5599	5034	5164	
3586	3325	3034	3059	2747	3169	2149	1872	2469	2086	2300	1455	9.99999e+008	901	1437	412	805	618	814	1334	1391	1114	1118	1329	1861	2284	1860	1571	1305	1508	1682	1697	2015	2213	1851	1466	2329	1727	2101	2134	2247	2057	2911	2821	2248	2509	2489	2874	2406	2741	2467	2664	3003	3180	2995	2733	2693	2882	3343	3132	3372	3045	3449	3463	3277	3185	4015	3764	3847	3843	3803	3791	3867	3715	3826	3686	3616	3464	3760	3692	4233	4289	4073	4302	3941	4167	4310	4646	4196	4358	
3211	2950	2659	2684	2372	2794	1774	1497	2094	1711	1954	1080	768	9.99999e+008	1888	1077	835	1279	1475	1897	1901	1775	1779	1990	2522	2855	2430	2232	1966	1500	1407	1421	1901	2205	1843	2127	2321	2298	2671	2704	2665	2628	2919	2829	2819	3080	3060	2882	2413	2627	2280	2550	2882	3066	2881	2619	2506	3132	3216	3381	3258	2920	3326	3349	3163	3077	3916	3650	3722	3734	3689	3604	3742	3589	3700	3572	3865	3713	3807	3941	4309	4298	4150	4177	3816	4041	4185	4521	4070	4244	
3341	3080	2789	2814	2502	2924	1904	1627	2224	1841	1930	1210	1123	658	9.99999e+008	512	874	233	429	867	557	729	733	944	1476	1899	1475	1186	920	930	996	1011	1329	1635	1273	1081	1750	1342	1716	1749	1849	1672	2349	2259	1863	2124	2104	2311	1841	2055	1781	1978	2441	2494	2309	2047	2007	2197	2657	2446	2686	2359	2763	2777	2591	2600	3474	3078	3161	3257	3117	3105	3181	3029	3140	3000	2930	2778	3074	3006	3547	3603	3387	3616	3255	3481	3624	3960	3510	3672	
3174	2913	2622	2647	2335	2757	1737	1460	2057	1674	1888	1043	676	489	1025	9.99999e+008	393	206	402	922	979	702	706	917	1449	1872	1448	1159	893	1096	1270	1285	1603	1801	1439	1054	1917	1315	1689	1722	1835	1645	2499	2409	1836	2097	2077	2462	1994	2329	2055	2252	2591	2768	2583	2321	2281	2470	2931	2720	2960	2633	3037	3051	2865	2773	3603	3352	3435	3431	3391	3379	3455	3303	3414	3274	3204	3052	3348	3280	3821	3877	3661	3890	3529	3755	3898	4234	3784	3946	
3143	2882	2591	2616	2304	2726	1706	1429	2026	1643	1886	1012	681	460	1801	990	9.99999e+008	1193	1389	1811	1429	1688	1693	1904	2435	2383	1958	2145	1880	1028	1096	1111	1429	1733	1371	2041	1849	1826	2199	2232	2193	2156	2447	2357	2347	2608	2588	2410	1941	2155	1881	2078	2539	2594	2409	2147	2107	2297	2757	2546	2786	2459	2863	2877	2691	2700	3572	3178	3261	3357	3217	3205	3281	3129	3240	3100	3030	2878	3174	3106	3647	3703	3487	3716	3355	3581	3724	4060	3610	3772	
3588	3327	3036	3061	2749	3171	2151	1874	2471	2088	2306	1457	1487	903	819	888	806	9.99999e+008	196	716	773	496	500	711	1243	1666	1242	953	687	890	1064	1079	1397	1595	1233	848	1711	1109	1483	1516	1629	1439	2293	2203	1630	1891	1871	2256	1788	2123	1849	2046	2385	2562	2377	2115	2075	2264	2725	2514	2754	2427	2831	2845	2659	2567	3397	3146	3229	3225	3185	3173	3249	3097	3208	3068	2998	2846	3142	3074	3615	3671	3455	3684	3323	3549	3692	4028	3578	3740	
3808	3547	3256	3281	2969	3391	2371	2094	2691	2308	2528	1677	1708	1123	621	1110	1027	673	9.99999e+008	1139	994	859	304	515	1053	1506	1082	764	983	1367	1433	1448	1767	2072	1710	1144	2156	1405	1323	1355	1979	1735	2644	2554	1926	2074	2167	2607	2139	2493	2219	2415	2736	2932	2747	2484	2445	2634	3095	2883	3124	2797	3200	3215	3028	2918	3695	3516	3599	3576	3554	3543	3619	3467	3578	3438	3367	3215	3511	3443	3984	4041	3824	4054	3693	3919	4061	4397	3948	4110	
3660	3399	3108	3133	2821	3243	2223	1946	2543	2160	2392	1529	1180	977	2057	1032	880	1238	1434	9.99999e+008	525	1734	1738	1949	2421	2253	1829	2136	1925	898	964	979	1298	1603	1241	2086	1718	1696	2070	2102	2063	2026	2317	2227	2217	2478	2458	2279	1809	2024	1750	1946	2409	2463	2278	2015	1976	2165	2626	2414	2655	2328	2731	2746	2559	2569	3442	3047	3130	3226	3085	3074	3150	2998	3109	2969	2898	2746	3042	2974	3515	3572	3355	3585	3224	3450	3592	3928	3479	3641	
3909	3648	3357	3382	3070	3492	2472	2195	2792	2409	2641	1778	1429	1226	2285	1281	1130	1487	1683	1221	9.99999e+008	1712	1968	2179	1895	1728	1303	1611	1665	373	439	454	773	1078	716	1826	1193	1171	1544	1577	1538	1501	1792	1702	1692	1953	1933	1754	1284	1499	1225	1421	1884	1938	1753	1490	1451	1640	2101	1889	2130	1803	2206	2221	2034	2044	2917	2522	2605	2701	2560	2549	2625	2473	2584	2444	2373	2221	2517	2449	2990	3047	2830	3060	2699	2925	3067	3403	2954	3116	
4085	3824	3533	3558	3246	3668	2648	2371	2968	2585	2805	1953	1985	1400	896	1387	1303	948	1144	832	1269	9.99999e+008	579	616	747	1201	774	457	803	1006	1180	1195	1513	1711	1349	964	1827	1197	1015	1048	1743	1498	2407	2317	1690	1767	1931	2370	1902	2239	1965	2162	2499	2678	2493	2231	2191	2380	2841	2630	2870	2543	2947	2961	2775	2681	3459	3262	3345	3339	3301	3289	3365	3213	3324	3184	3114	2962	3258	3190	3731	3787	3571	3800	3439	3665	3808	4144	3694	3856	
3505	3244	2953	2978	2666	3088	2068	1791	2388	2005	2226	1374	1405	821	317	808	724	369	565	1003	690	865	9.99999e+008	1080	1612	2035	1611	1322	1056	1063	1129	1144	1463	1768	1406	1217	1883	1477	1852	1885	1984	1807	2482	2392	1998	2259	2239	2444	1974	2189	1915	2111	2574	2628	2443	2180	2141	2330	2791	2579	2820	2493	2896	2911	2724	2734	3607	3212	3295	3391	3250	3239	3315	3163	3274	3134	3063	2911	3207	3139	3680	3737	3520	3750	3389	3615	3757	4093	3644	3806	
4138	3877	3586	3611	3299	3634	2614	2424	3021	2638	2316	2007	1920	1455	797	1308	1671	1030	1226	1448	1354	1168	1151	9.99999e+008	1362	1815	1391	1072	1421	1622	1793	1808	2126	2327	1965	1582	2443	1812	1632	1664	2359	2115	3024	2934	2306	2383	2547	2987	2519	2852	2578	2775	3116	3291	3106	2844	2804	2993	3454	3243	3483	3156	3560	3574	3388	3298	3557	3834	3958	3956	3872	3902	3978	3826	3937	3797	3727	3575	3871	3803	4344	4400	4184	4413	4052	4278	4421	4757	4302	4469	
4401	4140	3849	3874	3562	3984	2964	2687	3284	2901	3122	2270	2301	1717	1213	1704	1620	1265	1461	1138	1586	858	896	933	9.99999e+008	1035	610	761	1109	1312	1485	1500	1819	2017	1654	1270	1756	1031	851	884	1579	1334	2243	2153	1526	1603	1767	2206	1738	2092	2271	2131	2335	2535	2350	2087	2497	2686	2842	2935	2872	2546	2950	2818	2631	2517	3295	3119	3348	3175	3157	3230	3368	3215	3326	3186	3419	3267	3421	3496	3923	3924	3764	3803	3442	3667	3811	4147	3582	3713	
4706	4445	4154	4179	3867	4289	3269	2992	3589	3206	3426	2575	2501	2021	1518	2009	1925	1569	1609	1442	1891	1164	1201	1238	764	9.99999e+008	616	1064	1118	1616	1790	1805	2123	1690	1959	1279	1294	571	391	422	1117	872	1781	1691	1064	1141	1305	1744	1276	1630	1987	1669	1873	2073	1888	1625	2140	2623	2380	2666	2410	2084	2488	2356	2169	2055	2833	2657	2886	2713	2695	2768	2906	2753	2864	2724	3083	2961	2959	3225	3461	3462	3302	3341	2980	3205	3349	3685	3120	3251	
4690	4429	4138	4163	3851	4273	3253	2976	3573	3190	3410	2559	2351	2006	1502	1992	1909	1553	1459	1295	1820	1014	1185	1222	748	428	9.99999e+008	914	968	1469	1643	1658	1976	1542	1812	1129	1146	421	241	274	969	724	1633	1543	916	993	1157	1596	1128	1482	1839	1521	1725	1925	1740	1477	1992	2475	2232	2518	2262	1936	2340	2208	2021	1907	2685	2509	2738	2565	2547	2620	2758	2605	2716	2576	2935	2813	2811	3077	3313	3314	3154	3193	2832	3057	3201	3537	2972	3103	
4327	4066	3775	3800	3488	3910	2890	2613	3210	2827	3047	2196	1902	1643	1139	1629	1546	1191	1011	847	1372	567	822	1070	597	744	319	9.99999e+008	521	1020	1194	1209	1527	1725	1363	682	1464	740	560	592	1287	1043	1952	1862	1234	1311	1475	1915	1447	1801	1979	1839	2044	2243	2058	1796	2205	2395	2551	2644	2581	2255	2659	2526	2340	2226	3003	2828	3057	2884	2866	2939	3077	2924	3035	2895	3128	2976	3130	3204	3632	3633	3473	3512	3151	3376	3520	3856	3291	3422	
4725	4464	4173	4198	3886	4308	3288	3011	3608	3225	3444	2594	2300	2041	1537	2026	1944	1588	1408	1244	1769	964	1220	1431	1146	979	555	863	9.99999e+008	1418	1592	1607	2065	1569	1761	161	1173	422	796	829	996	752	1661	1571	943	1204	1184	1624	1156	1510	1867	1548	1753	1952	1767	1505	2020	2503	2260	2546	2290	1964	2368	2235	2049	1935	2712	2537	2766	2593	2575	2648	2786	2633	2744	2604	2963	2841	2839	3105	3341	3342	3182	3221	2860	3085	3229	3565	3000	3131	
4508	4247	3956	3981	3669	4091	3071	2794	3391	3008	3240	2377	2028	1825	1912	1880	1728	1963	1783	848	1373	1339	1595	1806	1522	1355	930	1238	1292	9.99999e+008	798	813	1131	705	343	1453	821	798	1171	1204	1165	1128	1419	1329	1319	1580	1560	1382	913	1268	1075	1307	1511	1709	1524	1263	1300	1976	2010	2226	2048	1714	2120	1992	1806	1693	2544	2293	2516	2350	2332	2398	2536	2383	2494	2362	2710	2558	2597	2786	3099	3092	2940	2971	2610	2835	2979	3315	2757	2887	
4919	4658	4367	4392	4080	4502	3482	3205	3802	3419	3651	2788	2439	2236	2157	2291	2139	2209	2028	1257	1782	1584	1840	2051	1768	1600	1175	1483	1537	1497	9.99999e+008	15	1056	932	1180	1698	1047	1043	1416	1449	1393	1373	1608	1516	1564	1825	1805	1542	1140	1246	874	1284	1476	1688	1503	1241	1100	1775	1810	2025	1934	1514	1920	1971	1785	1671	2509	2272	2316	2327	2311	2198	2336	2183	2294	2248	2509	2357	2483	2585	2938	2892	2779	2771	2410	2635	2779	3115	2664	2866	
4902	4641	4350	4375	4063	4485	3465	3188	3785	3402	3634	2771	2422	2219	2142	2274	2122	2194	2013	1242	1767	1569	1825	2036	1753	1585	1160	1468	1522	1482	1096	9.99999e+008	1041	917	1165	1683	1032	1028	1401	1434	1378	1358	1593	1502	1549	1810	1790	1527	1125	1231	859	1270	1461	1674	1489	1226	1085	1760	1795	2010	1919	1499	1905	1957	1770	1656	2495	2258	2301	2313	2296	2183	2321	2168	2279	2233	2494	2342	2468	2570	2923	2877	2764	2756	2395	2620	2764	3100	2649	2852	
4885	4624	4333	4358	4046	4468	3448	3171	3768	3385	3617	2754	2405	2202	2126	2257	2105	2177	1997	1225	1749	1553	1809	2020	1737	1569	1144	1452	1506	1466	1078	1093	9.99999e+008	945	1148	1667	1014	1012	1385	1418	1362	1342	1458	1366	1533	1794	1774	1394	1107	726	452	649	1362	1165	980	718	678	1353	1328	1603	1357	1030	1434	1448	1262	1271	2361	1749	1832	1928	1788	1776	1852	1700	1811	1671	2030	1909	1906	2163	2408	2408	2249	2287	1926	2152	2295	2631	2181	2343	
4516	4255	3964	3989	3677	4099	3079	2802	3399	3016	3248	2385	2036	1833	1748	1888	1736	1799	1619	856	1381	1175	1431	1642	1358	1191	766	1073	1128	1094	708	723	1041	9.99999e+008	779	1289	633	633	1007	1040	979	962	1233	1143	1154	1415	1395	1196	726	1082	888	1120	1325	1522	1337	1077	1114	1789	1824	2039	1862	1528	1934	1806	1619	1506	2747	2107	2330	2163	2145	2212	2350	2197	2308	2176	2523	2371	2411	2599	2913	2906	2754	2785	2424	2649	2793	3129	2570	2701	
4165	3904	3613	3638	3326	3748	2728	2451	3048	2665	2897	2034	1685	1482	1997	1537	1385	1743	1868	505	1030	1424	1680	1891	1608	1440	1016	1323	1378	679	855	870	1188	790	9.99999e+008	1539	904	884	1257	1289	1251	1213	1505	1415	1405	1666	1646	1468	998	1354	1640	1392	1597	1794	1609	1349	1864	2055	2103	2305	2134	1807	2212	2078	1891	1778	2630	2379	2609	2435	2417	2492	2629	2477	2588	2448	2789	2637	2683	2865	3185	3185	3026	3064	2703	2929	3072	3408	2842	2973	
4564	4303	4012	4037	3725	4147	3127	2850	3447	3064	3283	2433	2139	1880	1376	1865	1783	1428	1247	1083	1608	803	1059	1270	985	818	394	702	756	1257	1431	1446	1904	1408	1600	9.99999e+008	1012	261	635	668	835	591	1500	1410	782	1043	1023	1463	995	1349	1706	1387	1592	1791	1606	1344	1859	2342	2099	2385	2129	1803	2207	2074	1888	1774	2551	2376	2605	2432	2414	2487	2625	2472	2583	2443	2802	2680	2678	2944	3180	3181	3021	3060	2699	2924	3068	3404	2839	2970	
4447	4186	3895	3920	3608	4030	3010	2733	3330	2947	3179	2316	1967	1764	1690	1819	1667	1741	1561	787	1312	1117	1373	1584	1300	1133	708	1016	1070	961	1130	1145	972	422	711	1231	9.99999e+008	576	949	982	911	906	1135	1045	1097	1358	1338	1098	628	983	790	1022	1226	1424	1239	979	1016	1691	1726	1941	1764	1430	1836	1708	1521	1408	2654	2009	2232	2065	2047	2114	2252	2099	2210	2078	2425	2273	2313	2501	2815	2808	2656	2687	2326	2551	2695	3031	2472	2602	
4992	4731	4440	4465	4153	4575	3555	3278	3875	3492	3713	2861	2618	2308	1804	2295	2211	1856	1675	1535	2060	1230	1487	1698	1413	924	821	1130	1185	1667	1841	1856	1643	1148	1463	1346	752	9.99999e+008	1062	484	575	330	1239	1149	521	782	762	1202	734	1088	1445	1127	1331	1530	1345	1083	1598	2081	1838	2124	1868	1542	1946	1814	1627	1513	2290	2115	2344	2171	2153	2226	2364	2211	2322	2182	2541	2419	2417	2683	2919	2920	2760	2799	2438	2663	2807	3143	2578	2709	
4535	4274	3983	4008	3696	4118	3098	2821	3418	3035	3254	2404	2110	1851	1347	1836	1754	1399	1218	1054	1579	773	1030	1241	958	790	365	673	727	1228	1402	1417	1735	1328	1571	888	932	180	9.99999e+008	639	755	510	1419	1329	701	962	942	1382	914	1268	1625	1307	1511	1710	1525	1263	1778	2261	2018	2304	2048	1722	2126	1994	1807	1693	2470	2295	2524	2351	2333	2406	2544	2391	2502	2362	2721	2599	2597	2863	3099	3100	2940	2979	2618	2843	2987	3323	2758	2889	
4965	4704	4413	4438	4126	4548	3528	3251	3848	3465	3686	2834	2739	2281	1777	2266	2184	1828	1648	1656	2150	1202	1460	1669	1386	1218	793	1102	1157	1788	1962	1977	1764	1268	1583	1318	872	612	1034	9.99999e+008	695	451	1360	1270	642	719	883	1323	855	1209	1566	1247	1452	1651	1466	1204	1719	2202	1959	2245	1989	1663	2067	1934	1748	1634	2411	2236	2465	2292	2274	2347	2485	2332	2443	2303	2662	2540	2538	2804	3040	3041	2881	2920	2559	2784	2928	3264	2699	2830	
4624	4363	4072	4097	3785	4207	3187	2910	3507	3124	3356	2493	2144	1941	1867	1996	1844	1918	1738	964	1489	1294	1550	1761	1477	1310	885	1193	1247	1138	1305	1320	1148	597	888	1408	177	753	1126	1159	9.99999e+008	1083	1310	1220	1274	1535	1515	1273	803	1159	966	1197	1402	1600	1415	1154	1191	1867	1901	2117	1939	1605	2011	1883	1696	1584	2829	2184	2407	2240	2222	2289	2427	2274	2385	2253	2601	2449	2488	2677	2990	2983	2831	2862	2501	2726	2870	3206	2647	2778	
4785	4524	4233	4258	3946	4368	3348	3071	3668	3285	3499	2654	2289	2102	1873	2237	2004	1925	1745	1205	1730	1300	1556	1767	1484	1316	892	1199	1254	1337	1511	1526	1313	818	1133	1415	422	758	1133	1165	245	9.99999e+008	909	819	1279	1540	1520	872	404	758	1115	797	1001	1201	1016	753	1268	1751	1508	1794	1538	1212	1616	1484	1297	1183	2013	1785	2014	1841	1823	1896	2034	1881	1992	1852	2211	2089	2087	2353	2589	2590	2430	2469	2108	2333	2477	2813	2248	2379	
4912	4651	4360	4385	4073	4495	3475	3198	3795	3412	3644	2781	2432	2229	2153	2284	2132	2205	2025	1252	1777	1580	1836	2047	1764	1597	1172	1479	1534	1426	1567	1582	1357	859	1176	1695	465	1040	1413	1445	288	1370	9.99999e+008	863	1561	1822	1802	916	446	802	1159	840	1045	1242	1057	797	1312	1794	1551	1838	1580	1254	1660	1526	1339	1226	2078	1827	2056	1883	1865	1940	2076	1923	2034	1894	2253	2132	2129	2396	2631	2632	2472	2511	2150	2375	2519	2855	2290	2421	
5002	4741	4450	4475	4163	4585	3565	3288	3885	3502	3734	2871	2522	2319	2245	2374	2222	2296	2116	1342	1867	1672	1928	2139	1855	1688	1263	1571	1625	1516	1519	1534	1308	811	1266	1786	555	1131	1504	1537	885	1452	597	9.99999e+008	1345	1408	1585	558	398	753	1109	792	655	1194	1009	747	1262	1745	1502	1788	1532	1205	1610	1477	1291	1176	1688	1778	2007	1833	1817	1890	2027	1875	1986	1846	2205	2083	2081	2347	2583	2583	2424	2462	2101	2327	2470	2806	2242	2372	
5412	5151	4860	4885	4573	4995	3975	3698	4295	3912	4131	3281	3047	2728	2224	2713	2631	2276	2095	1963	2488	1650	1907	2118	1711	1135	1242	1550	1605	2095	2269	2284	2071	1576	1891	1766	1180	1059	1338	904	1003	758	1616	1577	9.99999e+008	261	241	1630	1162	1516	1873	1555	1759	1959	1774	1511	2026	2509	2266	2552	2296	1970	2374	2242	2055	1941	1769	2046	2772	1928	2084	2316	2588	2626	2750	2610	2969	2847	2845	3111	3347	3348	3188	3227	2853	2886	3149	3467	2509	2725	
5153	4892	4601	4626	4314	4736	3716	3439	4036	3653	3872	3022	2787	2469	1965	2454	2372	2017	1836	1704	2229	1391	1648	1859	1450	874	983	1291	1345	1836	2010	2025	1812	1316	1632	1506	921	800	1077	645	744	499	1408	1318	393	9.99999e+008	633	1371	903	1257	1614	1296	1500	1699	1514	1252	1767	2250	2007	2293	2037	1711	2115	1983	1796	1682	2162	2284	2513	2321	2322	2395	2533	2380	2491	2351	2710	2588	2586	2852	3088	3089	2929	2968	2607	2832	2976	3312	2747	2878	
5475	5214	4923	4948	4636	5058	4038	3761	4358	3975	4194	3344	3109	2791	2287	2776	2694	2338	2158	2026	2551	1714	1970	2174	1701	1125	1305	1613	1667	2158	2332	2347	2134	1638	1953	1828	1242	1122	1328	967	1065	821	1730	1640	715	777	9.99999e+008	1693	1225	1579	1936	1617	1822	2021	1836	1574	2089	2572	2329	2615	2359	2033	2437	2305	2118	2004	2484	2606	2835	2643	2644	2717	2855	2702	2813	2673	3032	2910	2908	3174	3410	3411	3251	3290	2929	3154	3298	3634	3069	3200	
5202	4941	4650	4675	4363	4785	3765	3488	4085	3702	3934	3071	2722	2519	2443	2574	2422	2495	2314	1542	2066	1870	2126	2337	2054	1886	1461	1769	1823	1716	1857	1872	1646	1149	1465	1984	755	1329	1702	1735	578	1659	290	867	1850	1769	2091	9.99999e+008	736	1091	1448	1130	1334	1532	1347	1086	1601	2084	1841	2127	1870	1543	1949	1815	1629	1516	2367	2116	2345	2173	2155	2229	2365	2213	2324	2184	2543	2422	2419	2686	2921	2921	2762	2800	2439	2665	2808	3144	2580	2710	
4930	4669	4378	4403	4091	4513	3493	3216	3813	3430	3662	2799	2450	2247	2162	2302	2150	2213	2033	1270	1795	1589	1845	2056	1772	1605	1180	1487	1542	1508	1122	1137	966	414	1193	1703	550	1047	1421	1454	1191	1376	903	813	1568	1714	1809	864	9.99999e+008	750	784	789	993	1191	1006	745	1009	1685	1500	1786	1530	1204	1608	1474	1288	1175	2026	1775	2006	1831	1814	1888	2026	1873	1984	1844	2203	2081	2079	2345	2581	2582	2422	2461	2100	2325	2469	2805	2239	2369	
4859	4598	4307	4332	4020	4442	3422	3145	3742	3359	3591	2728	2379	2176	2100	2231	2079	2152	1971	1199	1724	1527	1783	1994	1711	1543	1119	1426	1481	1440	1054	1069	555	919	1122	1642	990	987	1360	1392	1336	1316	1432	1341	1508	1769	1749	1368	1083	9.99999e+008	370	568	1168	1085	900	650	596	1271	1306	1521	1275	948	1352	1368	1181	1078	2335	1669	1750	1736	1707	1694	1770	1617	1728	1589	1948	1853	1824	2081	2326	2326	2167	2205	1844	2070	2213	2549	2098	2263	
4851	4590	4299	4324	4012	4434	3414	3137	3734	3351	3566	2720	2355	2152	2396	2206	2071	2412	2268	1495	2020	1823	2079	2290	2007	1840	1415	1722	1777	1737	1349	1364	848	1033	1418	1938	1284	1283	1656	1688	1632	1613	1642	1637	1804	2065	2045	1352	1378	790	9.99999e+008	449	1362	966	781	518	478	901	1128	1151	1157	830	1234	1249	1062	1268	2323	1550	1632	1925	1588	1576	1652	1500	1611	1471	1635	1483	1706	1711	2208	2208	2049	2087	1726	1952	2095	2431	1981	2144	
5182	4921	4630	4655	4343	4765	3745	3468	4065	3682	3898	3051	2686	2483	2451	2538	2403	2503	2322	1550	2075	1878	2134	2345	2062	1894	1469	1777	1831	1791	1403	1418	903	1270	1473	1992	1339	1337	1710	1743	1687	1667	1722	1691	1858	2119	2099	1432	1432	871	332	9.99999e+008	1442	1046	861	599	557	1233	1207	1482	1236	909	1313	1329	1143	1349	2403	1630	1711	2005	1669	1655	1731	1579	1690	1550	1909	1788	1785	2042	2287	2287	2128	2166	1805	2031	2174	2510	2060	2224	
5324	5063	4772	4797	4485	4907	3887	3610	4207	3824	4056	3193	2844	2641	2565	2696	2544	2617	2437	1664	2189	1992	2248	2459	2176	2009	1584	1891	1946	1906	1518	1533	1043	1384	1587	2107	1453	1452	1825	1857	1569	1782	1281	1806	1973	2167	2214	991	1547	488	843	526	9.99999e+008	929	744	481	996	1479	1236	1522	1266	940	1344	1212	1025	911	1960	1513	1742	1568	1551	1624	1762	1609	1720	1580	1939	1817	1815	2081	2317	2318	2158	2197	1836	2061	2205	2541	1976	2107	
5578	5317	5026	5051	4739	5161	4141	3864	4461	4078	4310	3447	3098	2895	2820	2950	2798	2871	2691	1918	2443	2247	2503	2713	2398	1634	1838	2145	2200	2152	1772	1787	1283	1585	1841	2361	1191	1706	2025	1476	1014	1329	726	1303	1223	1286	1463	436	1172	729	1086	768	446	9.99999e+008	844	724	1239	1722	1479	1765	1213	887	1013	659	472	356	1405	960	1611	1014	998	1201	1473	1479	1591	1527	1886	1901	1762	2288	2234	2188	2075	2067	1706	1750	2063	2295	1423	1554	
5756	5495	5204	5229	4917	5339	4319	4042	4639	4256	4471	3625	3260	3057	2932	3111	2976	2984	2804	2103	2628	2359	2615	2820	2346	1770	1951	2258	2313	2289	1957	1972	1468	1722	2026	2474	1328	1891	1973	1613	1151	1466	863	1440	1360	1423	1600	573	1308	914	905	587	583	185	9.99999e+008	542	1057	1540	1297	1583	1327	1001	1145	791	604	488	1542	1092	1743	1146	1130	1333	1605	1611	1723	1641	2000	1878	1876	2142	2366	2320	2207	2199	1838	1882	2195	2427	1555	1686	
5533	5272	4981	5006	4694	5116	4096	3819	4416	4033	4248	3402	3037	2834	3078	2888	2753	3094	2950	2177	2702	2505	2761	2972	2689	2316	2097	2404	2459	2419	2031	2046	1530	1715	2100	2620	1873	1965	2338	2158	1696	2012	1408	1986	1906	1968	2145	1119	1854	1045	682	713	1128	731	546	9.99999e+008	515	998	755	1041	785	459	863	1014	827	1033	2087	1315	1261	1690	1353	1143	1281	1128	1239	1099	1458	1336	1334	1600	1836	1837	1677	1716	1355	1580	1724	2060	1609	1854	
5488	5227	4936	4961	4649	5071	4051	3774	4371	3988	4203	3357	2992	2789	3033	2843	2708	3049	2905	2132	2657	2460	2716	2927	2644	2271	2052	2359	2414	2374	1986	2001	1485	1670	2055	2575	1828	1920	2293	2113	1651	1967	1363	1940	1860	1923	2100	1073	1809	1167	637	668	1083	686	501	547	9.99999e+008	953	710	996	834	414	820	969	782	988	2042	1270	1216	1645	1308	1098	1236	1083	1194	1148	1444	1291	1383	1555	1838	1792	1679	1671	1310	1535	1679	2015	1564	1809	
4873	5203	4912	4937	4625	5047	4027	3750	4347	3964	4179	3333	2968	2765	2978	2819	2684	3025	2849	2086	2611	2405	2661	2872	2588	2421	1996	2303	2358	2324	1938	1953	1461	1230	2009	2519	1366	1863	2237	2270	2066	2192	1778	1653	2276	2338	2516	1489	1347	987	613	644	1498	1101	916	715	417	9.99999e+008	914	649	1071	800	1204	1384	1197	1403	2458	1685	1602	2060	1723	1515	1622	1470	1581	1304	1133	981	1277	1209	1749	1806	1590	1883	1696	1922	2065	2401	1951	2196	
5375	5393	5102	5127	4815	5237	4217	3940	4537	4154	4369	3523	3158	2955	3391	3010	2874	3216	3262	2499	3024	2818	3074	3285	3001	2617	2409	2716	2771	2535	2351	2366	1875	1643	2422	2932	2174	2276	2650	2459	1997	2313	1709	2066	2206	2271	2447	1421	2155	1762	1027	1057	1431	1033	848	1099	859	1299	9.99999e+008	558	427	567	972	1283	1130	1336	2339	1584	1087	1959	1623	1472	1206	1053	1047	741	734	581	877	1117	1478	1595	1319	1523	1279	1510	1649	1985	1533	1779	
5234	5391	5100	5125	4813	5235	4215	3938	4535	4152	4368	3521	3156	2953	3443	3008	2873	3214	3314	2551	3076	2870	3126	3337	3053	2668	2461	2768	2823	2533	2403	2418	1878	1695	2474	2984	2226	2328	2702	2511	2049	2366	1761	2118	2258	2322	2498	1471	2206	1814	1078	1109	1481	1085	900	1149	911	1350	507	9.99999e+008	422	618	1024	1334	1181	1387	2212	1635	999	2010	1573	1384	1118	965	960	653	484	332	628	740	1281	1337	1121	1368	1191	1422	1561	1897	1445	1691	
6384	6149	5858	5883	5571	5993	4973	4696	5293	4910	5124	4278	3913	3710	3924	3764	3629	3970	3795	3032	3557	3351	3607	3818	3534	3074	2942	3249	3304	3270	2884	2899	2406	2174	2953	3463	2631	2807	3181	2916	2454	2770	2166	2598	2664	2726	2903	1877	2612	1930	1558	1589	1886	1489	1304	1555	1391	1830	1569	1856	9.99999e+008	1022	1315	1738	1585	1791	1872	1344	658	1683	1233	1043	778	626	620	314	673	1014	549	1075	1051	1168	892	1096	852	1083	1222	1558	1106	1352	
6104	5868	5577	5602	5290	5712	4692	4415	5012	4629	4844	3998	3632	3430	3399	3484	3349	3451	3271	2549	3074	2826	3082	3287	2813	2237	2418	2725	2780	2756	2402	2417	1902	2120	2472	2941	1795	2336	2440	2080	1618	1933	1330	1907	1827	1890	2067	1040	1775	1381	1278	999	1050	652	467	718	1110	1550	1289	1576	988	9.99999e+008	406	716	682	893	1915	1017	802	1392	1056	922	822	670	781	1302	1542	1389	1502	1799	1424	1378	1265	1257	896	1122	1265	1601	1151	1396	
5924	5687	5396	5421	5109	5531	4511	4234	4831	4448	4664	3817	3452	3249	3462	3304	3169	3510	3333	2570	3095	2889	3145	3356	3072	2689	2480	2787	2842	2808	2422	2437	1946	1714	2493	3003	2245	2347	2721	2532	2068	2383	1780	2137	2277	2340	2517	1490	2226	1469	1098	1128	1500	1104	919	1168	930	1370	1109	1395	808	637	9.99999e+008	938	1201	1407	1735	814	621	1546	855	742	642	489	600	1122	1362	1209	1321	1619	1244	1197	1085	1077	716	942	1085	1421	970	1215	
6256	6019	5728	5753	5441	5863	4843	4566	5163	4780	4995	4149	3784	3581	3724	3635	3500	3776	3595	2887	3412	3151	3407	3513	3040	2462	2756	3050	3104	3080	2740	2755	2240	2068	2810	3265	2119	2674	2667	2404	1942	2258	1654	2232	2152	2215	2392	1365	2100	1719	1429	1337	1374	990	805	1056	1262	1701	1440	1727	1139	969	354	9.99999e+008	1022	867	1593	615	953	1366	655	542	814	821	932	1413	1693	1540	1448	1951	1576	1529	1416	1408	1048	1091	1416	1752	896	1329	
5836	5575	5284	5309	4997	5419	4399	4122	4719	4336	4551	3705	3339	3137	3220	3191	3056	3272	3092	2403	2927	2647	2903	3010	2536	1959	2314	2546	2601	2577	2292	2307	1803	2010	2326	2762	1616	2181	2163	1901	1439	1754	1151	1728	1648	1711	1888	861	1597	1249	985	904	871	520	372	623	1138	1621	1378	1664	1027	700	541	187	9.99999e+008	364	1466	488	1139	863	526	729	1001	1007	1119	1341	1582	1429	1576	1838	1762	1716	1603	1595	1234	1278	1591	1823	951	1082	
5858	5597	5306	5331	5019	5441	4421	4144	4741	4358	4590	3727	3378	3175	3016	3230	3078	3067	2887	2198	2723	2443	2699	2907	2433	1856	2118	2342	2396	2372	2168	2183	1679	1805	2122	2557	1411	1986	2060	1696	1234	1550	946	1524	1444	1506	1683	657	1392	1125	1205	917	666	534	592	843	1358	1841	1598	1884	1236	909	761	407	494	9.99999e+008	1376	777	1360	658	814	949	1221	1228	1339	1550	1790	1637	1785	2046	1983	1936	1823	1815	1455	1498	1823	2159	1239	1370	
6317	6056	5765	5790	5478	5900	4880	4603	5200	4817	5032	4186	3821	3618	3486	3672	3537	3537	3364	2678	3202	2919	3169	3206	2733	2429	2511	2818	2873	2852	2567	2582	2078	2285	2601	3034	1891	2377	2359	2237	1714	2029	1426	2003	1923	1986	2163	1136	1872	1524	1466	1178	1146	795	853	1104	1619	2060	1799	2085	1498	1170	690	668	755	639	9.99999e+008	586	1311	467	623	855	1127	1165	1290	1725	2052	1899	1761	2309	1934	1887	1775	1767	1392	1425	1688	2006	1048	1178	
6127	5890	5599	5624	5312	5734	4714	4437	5034	4651	4866	4020	3655	3452	3665	3506	3371	3712	3536	2773	3298	3092	3348	3559	3275	2892	2683	2990	3045	3011	2625	2640	2148	1917	2696	3206	2448	2550	2924	2733	2271	2586	1983	2340	2480	2543	2721	1695	2429	1672	1300	1331	1703	1307	1122	1371	1133	1572	1312	1598	1009	840	396	922	1403	1609	1334	9.99999e+008	824	1146	695	275	542	586	802	1146	1536	1410	1181	1787	1445	1593	1286	1279	813	840	1181	1517	628	871	
5728	5491	5200	5225	4913	5335	4315	4038	4635	4252	4467	3621	3256	3053	3266	3107	2972	3313	3137	2374	2899	2693	2949	3160	2876	2490	2284	2591	2646	2612	2226	2241	1749	1518	2297	2807	2047	2151	2525	2332	1870	2186	1582	1941	2081	2144	2319	1294	2028	1273	901	932	1302	906	721	970	734	1173	913	1199	610	439	845	1155	1003	1209	2263	1456	9.99999e+008	1831	1495	1361	1261	1109	1120	924	1164	1011	1159	1421	1661	1778	1502	1597	1335	1561	1704	2040	1590	1835	
6793	6532	6241	6266	5954	6376	5356	5079	5676	5293	5507	4662	4297	4110	4068	4199	4012	4120	3753	3167	3692	3309	3751	3790	3310	2552	2900	3394	3262	3341	3177	3192	2692	2774	3091	3423	2380	2767	2943	2815	2203	2701	1915	2515	2387	2451	2626	1648	2361	2139	2272	1984	1659	1587	1577	1910	2215	2654	2393	2680	2092	1922	1479	1391	1547	1431	806	1083	1564	9.99999e+008	782	1014	999	1324	1529	1884	2025	2167	1859	2105	1970	1709	1811	1387	1040	1107	1254	1539	665	797	
6441	6205	5914	5939	5627	6049	5029	4752	5349	4966	5181	4334	3969	3766	3980	3821	3686	4027	3851	3088	3613	3407	3663	3874	3590	2837	2998	3305	3360	3326	2940	2955	2463	2231	3010	3520	2575	2864	3228	2955	2398	2808	2110	2654	2672	2736	2911	1820	2556	1986	1614	1645	1925	1479	1436	1513	1447	1886	1626	1912	1324	1154	711	1075	1479	1323	1091	315	782	903	9.99999e+008	232	504	542	760	1102	1492	1681	1138	1743	1404	1521	1244	1199	769	802	1065	1401	430	674	
6209	5972	5681	5706	5394	5816	4796	4519	5116	4733	4948	4102	3737	3534	3747	3588	3453	3794	3618	2855	3380	3174	3430	3641	3357	2974	2765	3072	3127	3093	2707	2722	2230	1999	2778	3288	2530	2632	3006	2817	2353	2668	2065	2422	2564	2625	2802	1775	2511	1754	1382	1413	1785	1389	1204	1453	1215	1654	1394	1680	1093	922	480	1006	1485	1597	1254	726	550	1065	615	9.99999e+008	272	311	528	871	1261	1450	906	1512	1172	1362	1012	1004	538	570	906	1242	592	903	
6474	6238	5947	5972	5660	6082	5062	4785	5382	4999	5214	4368	4002	3800	4013	3854	3719	4060	3884	3121	3646	3440	3696	3907	3597	2839	3031	3338	3393	3359	2973	2988	2496	2265	3044	3554	2577	2898	3230	2876	2400	2729	2112	2688	2623	2686	2863	1822	2558	2020	1648	1679	1846	1448	1263	1514	1481	1920	1659	1946	1358	1188	745	1077	1481	1325	1093	565	814	904	454	266	9.99999e+008	547	694	1135	1497	1686	1172	1718	1299	1263	1139	942	653	608	867	1093	388	631	
6288	6051	5760	5785	5473	5895	4875	4598	5195	4812	5027	4181	3816	3613	3826	3667	3532	3873	3697	2934	3459	3253	3509	3720	3436	2992	2844	3151	3206	3172	2786	2801	2309	2078	2857	3367	2611	2711	3085	2896	2434	2749	2146	2572	2643	2706	2883	1856	2591	1833	1461	1492	1866	1468	1283	1532	1294	1733	1473	1759	1172	1001	689	1230	1564	1478	1246	718	631	1057	607	418	153	9.99999e+008	454	951	950	1139	832	1201	1098	1238	938	916	414	457	782	1118	481	726	
6095	5858	5567	5592	5280	5702	4682	4405	5002	4619	4834	3988	3623	3420	3633	3474	3339	3680	3504	2741	3266	3060	3316	3527	3243	2857	2651	2958	3013	2979	2593	2608	2116	1885	2664	3174	2414	2518	2892	2699	2237	2552	1949	2308	2446	2509	2686	1659	2395	1640	1268	1299	1669	1273	1088	1337	1101	1540	1279	1566	977	806	1024	1522	1370	1576	1579	1051	367	1390	940	752	486	335	9.99999e+008	687	1285	1378	1004	1373	972	925	813	805	560	792	930	1266	814	1061	
6070	5834	5543	5568	5256	5678	4658	4381	4978	4595	4810	3964	3599	3396	3608	3450	3315	3656	3479	2716	3241	3035	3291	3502	3218	2760	2626	2933	2988	2954	2568	2583	2092	1860	2639	3149	2317	2493	2867	2602	2140	2456	1852	2284	2350	2412	2589	1563	2298	1616	1244	1275	1572	1175	990	1241	1077	1516	1255	1542	665	708	1001	1424	1271	1477	1557	1029	344	1368	918	729	464	312	306	9.99999e+008	930	777	470	839	816	933	657	782	538	769	908	1244	792	1038	
6239	6003	5712	5737	5425	5847	4827	4550	5147	4764	4979	4133	3768	3565	3777	3619	3484	3825	3648	2885	3410	3204	3460	3671	3387	2929	2795	3102	3157	3123	2737	2752	2261	2029	2808	3318	2486	2662	3036	2771	2309	2625	2021	2453	2519	2581	2758	1732	2467	1785	1413	1444	1741	1344	1159	1410	1246	1685	1424	1711	834	877	1170	1593	1440	1646	1726	1198	513	1537	1087	898	633	481	475	169	9.99999e+008	946	404	1008	985	1102	826	951	707	938	1077	1413	961	1207	
5572	5729	5438	5463	5151	5573	4553	4276	4873	4490	4706	3859	3494	3291	3930	3346	3211	3552	3748	3038	3563	3357	3613	3824	3540	3082	2948	3255	3310	2871	2890	2905	2216	2182	2961	3471	2639	2815	3189	2924	2462	2778	2174	2606	2672	2734	2911	1885	2620	1938	1566	1597	1894	1497	1312	1563	1399	1838	847	1107	987	1030	1323	1746	1593	1799	1879	1351	666	1690	1240	1051	786	634	628	322	153	9.99999e+008	557	1080	1138	1255	979	1104	860	1091	1230	1566	1114	1360	
6027	6098	5807	5832	5520	5942	4922	4645	5242	4859	5074	4228	3863	3660	3872	3714	3579	3920	3743	2980	3505	3299	3555	3766	3482	3099	2890	3197	3252	3218	2832	2847	2356	2124	2903	3413	2657	2757	3131	2942	2480	2795	2192	2548	2689	2752	2929	1902	2637	1957	1508	1539	1912	1514	1329	1580	1341	1780	1357	1617	1004	1048	1341	1764	1611	1817	1896	1368	684	1707	1257	1069	803	652	645	987	818	665	9.99999e+008	726	702	819	542	740	877	1018	1163	1270	1131	1324	
6022	6180	5889	5914	5602	6024	5004	4727	5324	4941	5156	4310	3945	3742	4224	3796	3661	4002	4095	3332	3857	3651	3907	4118	3834	3451	3242	3549	3604	3322	3184	3199	2667	2476	3255	3765	3009	3109	3483	3294	2832	3147	2544	2900	3041	3104	3281	2254	2989	2309	1860	1891	2264	1866	1681	1932	1693	2132	1352	1613	1356	1400	1672	2116	1963	2169	2218	1720	1036	2030	1577	1389	1124	1004	735	982	813	660	352	9.99999e+008	541	658	381	674	902	952	1097	1203	1272	1258	
6008	6165	5874	5899	5587	6009	4989	4712	5309	4926	5142	4295	3930	3727	4210	3782	3647	3988	4081	3318	3843	3637	3893	4104	3820	3437	3228	3535	3590	3307	3170	3185	2652	2462	3241	3751	2995	3095	3469	3280	2818	3133	2530	2886	3027	3090	3267	2240	2975	2295	1846	1877	2250	1852	1667	1918	1679	2118	1337	1598	1251	1386	1657	2102	1949	2155	2203	1706	1022	2015	1562	1374	1109	990	721	967	798	645	338	546	9.99999e+008	666	367	660	888	938	1083	1189	1258	1244	
7004	6909	6618	6643	6331	6753	5733	5456	6053	5670	5885	5039	4674	4471	4685	4525	4390	4731	4556	3793	4318	4112	4368	4579	4295	3867	3703	4010	4065	4031	3645	3660	3167	2937	3716	4226	3466	3570	3944	3751	3289	3605	3001	3360	3499	3562	3738	2712	3447	2692	2319	2350	2721	2325	2140	2389	2152	2591	2279	2539	2029	1858	1706	2230	2422	2478	2128	1921	1419	1939	1609	1422	1157	1183	1053	1740	1585	1432	1125	1426	1262	9.99999e+008	1131	513	983	791	866	676	1303	1097	
6283	6210	5919	5944	5632	6054	5034	4757	5354	4971	5187	4340	3975	3772	3985	3827	3692	4033	3856	3093	3618	3412	3668	3879	3595	3211	3003	3310	3365	3331	2945	2960	2469	2237	3016	3526	2768	2870	3244	3053	2591	2906	2303	2660	2800	2863	3040	2013	2749	1992	1621	1651	2023	1627	1442	1691	1453	1893	1558	1818	1189	1160	1290	1818	1724	1930	1836	1405	721	1648	1195	1007	742	689	354	1033	864	711	404	773	515	414	9.99999e+008	293	521	571	716	822	891	877	
6819	6582	6291	6316	6004	6426	5406	5129	5726	5343	5558	4712	4347	4144	4357	4198	4063	4404	4228	3465	3990	3784	4040	4251	3967	3476	3375	3682	3737	3703	3317	3332	2840	2609	3388	3898	3138	3242	3616	3423	2961	3277	2673	3032	3172	3235	3410	2385	3119	2364	1992	2023	2393	1997	1812	2061	1825	2264	2004	2290	1701	1530	1192	1717	2094	1965	1733	1209	1091	1545	1094	909	643	670	779	1411	1275	1259	951	1196	1320	633	901	9.99999e+008	470	278	423	578	790	584	
6492	6255	5964	5989	5677	6099	5079	4802	5399	5016	5231	4385	4020	3817	4030	3871	3736	4077	3901	3138	3663	3457	3713	3924	3640	3059	3048	3355	3410	3376	2990	3005	2513	2282	3061	3571	2798	2915	3289	3096	2621	2950	2333	2705	2844	2907	3083	2042	2778	2037	1665	1696	2052	1669	1484	1734	1498	1937	1677	1963	1374	1203	769	1297	1701	1545	1313	786	764	1125	674	486	221	343	489	1154	985	1127	819	1065	930	953	771	631	9.99999e+008	238	497	833	370	571	
6643	6407	6116	6141	5829	6251	5231	4954	5551	5168	5383	4537	4172	3969	4187	4023	3888	4229	4058	3295	3820	3614	3870	4081	3797	3204	3205	3512	3567	3533	3147	3162	2665	2439	3218	3728	2942	3072	3446	3241	2765	3094	2477	2862	2988	3051	3228	2187	2923	2194	1817	1848	2211	1813	1628	1879	1650	2089	1828	2115	1527	1357	914	1442	1846	1690	1458	930	921	1269	819	631	365	488	788	1439	1284	1254	946	1193	1057	1082	898	760	299	9.99999e+008	626	962	539	333	
6911	6674	6383	6408	6096	6518	5498	5221	5818	5435	5650	4804	4439	4236	4449	4290	4155	4496	4320	3557	4082	3876	4132	4343	4059	3527	3467	3774	3829	3795	3409	3424	2932	2701	3480	3990	3230	3334	3708	3515	3053	3369	2765	3124	3264	3327	3502	2477	3211	2456	2084	2115	2485	2089	1904	2153	1917	2356	2095	2382	1793	1622	1320	1843	2186	2091	1788	1336	1183	1599	1220	1037	771	761	1051	1712	1547	1453	1146	1514	1416	731	1027	409	562	406	9.99999e+008	336	916	710	
6919	6682	6391	6416	6104	6526	5506	5229	5826	5443	5658	4812	4447	4244	4457	4298	4163	4504	4328	3565	4090	3884	4140	4351	3949	3191	3475	3782	3837	3803	3417	3432	2940	2709	3488	3998	3019	3342	3582	3382	2842	3235	2554	3132	3026	3090	3265	2293	3000	2464	2092	2123	2305	1954	1769	2020	1925	2364	2103	2390	1801	1630	1294	1582	1986	1830	1452	1271	1191	1263	959	1011	745	769	879	1511	1374	1522	1215	1461	1437	916	1167	594	568	380	190	9.99999e+008	655	449	
6578	6317	6026	6051	5739	6161	5141	4864	5461	5078	5293	4447	4081	3879	4046	3933	3798	4098	3890	3196	3721	3446	3729	3927	3447	2689	3037	3372	3399	3388	3049	3064	2549	2533	3119	3560	2427	2903	3080	2727	2250	2580	1962	2539	2474	2537	2714	1672	2408	2028	1727	1646	1682	1299	1114	1365	1749	2188	1928	2214	1625	1442	1012	927	1331	1175	943	616	1086	755	304	536	808	846	1064	1406	1796	1985	1442	2035	1708	1471	1548	1149	1073	871	1016	1300	9.99999e+008	558	
6784	6523	6232	6257	5945	6367	5347	5070	5667	5284	5499	4653	4287	4085	4252	4139	4004	4304	4096	3402	3927	3652	3935	4133	3653	2895	3243	3578	3605	3594	3255	3270	2755	2604	3325	3766	2633	3109	3286	2933	2456	2786	2168	2745	2680	2743	2920	1878	2614	2234	1933	1852	1888	1505	1320	1571	1820	2259	1999	2285	1696	1525	1218	1133	1537	1381	1149	822	1086	961	510	742	542	665	811	1407	1307	1539	1231	1477	1342	1325	1183	1003	583	650	909	1245	206	9.99999e+008	

