116
0	-2	-6	-1	-1	-2	4	-3	-2	2	-1	-1	-2	-4	-3	1	2	1	1	-4	-5	-2	-2	4	-5	-4	-3	-3	3	-9	1	-1	1	1	1	3	-1	-3	-1	4	5	-1	-1	4	-6	1	-2	2	2	1	2	1	2	1	1	-3	-2	3	-1	-6	3	-1	-1	4	-3	-2	3	-1	1	-3	-2	1	-5	4	-2	3	-1	-3	4	-2	3	3	2	1	-3	-1	-9	-1	-4	-4	-7	3	-2	4	-1	-3	-1	1	-1	-1	-1	-2	-2	-2	-1	-1	-3	-3	-1	-4	1	2	-5	-2	-3	-2	
30
0	879	2411	1304	1932	2718	3169	2583	3603	4944	4332	4786	5301	5248	4812	4991	5691	5258	6384	6249	6286	7054	5459	5724	5470	5950	6072	6124	6304	6106	6534	7117	7300	6542	6840	6053	5618	6045	6183	6278	6903	7373	7783	8240	8734	9752	9846	8982	8248	7781	7028	6488	6486	6615	6627	6684	7165	7155	7207	7213	8138	8066	8544	9024	8947	9186	9942	7893	8168	8624	7708	8254	8177	8854	10525	8822	9558	9673	10666	11959	8014	8705	10110	8510	8314	8525	8721	9637	9046	9239	9262	9582	10287	10916	11800	11916	12669	12905	15806	13483	14814	15424	15667	16623	17434	16037	18498	19127	17489	16707	15414	16177	15442	14820	14122	14170	
879	9.99999e+008	1539	2182	2227	2060	2511	3309	4482	4173	3674	4128	4643	4590	4023	4118	4902	4386	5596	5461	5497	6265	4801	5066	4812	5292	5451	5465	5646	5448	5876	6458	6642	5884	6182	5395	4960	5387	5412	5552	6177	6647	7057	7514	8008	9337	9120	8256	7522	7055	6302	5761	5827	5956	5969	6026	6507	6497	6548	6554	7479	7408	7886	8366	8289	8528	9284	7235	7510	7966	7050	7596	7519	8196	9867	8164	8900	9015	10008	11301	7226	7916	9321	7722	7525	7736	7933	8849	8258	8451	8474	8794	9499	10128	11012	11127	11881	12116	15018	12695	14026	14636	14879	15835	16646	15249	17710	18339	16701	15919	14626	15389	14654	14034	13334	13445	
2411	1539	9.99999e+008	2396	1965	1070	2256	3054	4364	3030	2253	2655	3222	3117	2681	2889	3560	4527	4254	4118	4155	4923	3380	3593	3669	3871	3993	4044	4225	4027	4455	5037	5221	4463	4761	4252	3817	4244	4269	4409	5034	5504	5914	6371	6865	8194	7977	7113	6379	5912	5159	4618	4685	4814	4826	4883	5364	5354	5406	5412	6337	6265	6743	7223	7146	7385	8141	6092	6367	6545	5629	6175	6098	6775	8724	6743	7479	7594	8587	10132	5883	6574	7979	6379	6183	6394	6590	7506	6915	7108	7131	7451	8156	8785	9669	9785	10539	10774	13675	11352	12683	13293	13536	14492	15303	13906	16367	16996	15358	14576	13283	14046	13311	12691	11991	12091	
1304	2182	2408	9.99999e+008	628	1415	1865	1762	2783	3640	3029	3483	3998	3945	3508	3716	4387	5979	5081	4946	4982	5750	4155	4421	4167	4646	4769	4820	5000	4802	5230	5813	5996	5238	5536	4749	4315	4742	4879	4974	5599	6069	6479	6936	7430	8759	8542	7678	6944	6477	5724	5184	5182	5311	5324	5380	5861	5851	5903	5909	6834	6763	7241	7721	7643	7882	8638	6589	6864	7321	6405	6951	6874	7551	9221	7519	8255	8370	9363	10655	6711	7401	8806	7207	7010	7221	7418	8334	7743	7936	7959	8279	8984	9613	10497	10612	11366	11601	14503	12180	13511	14121	14364	15320	16131	14734	17195	17824	16186	15404	14111	14874	14139	13517	12819	12867	
1920	2449	1965	616	9.99999e+008	972	1423	1419	2440	3198	2586	3040	3555	3502	3066	3273	3945	5536	4638	4503	4540	5308	3713	3978	3724	4204	4326	4377	4558	4360	4788	5370	5554	4796	5094	4307	3872	4299	4437	4532	5157	5627	6037	6494	6988	8317	8100	7236	6502	6035	5282	4742	4740	4869	4881	4938	5419	5409	5461	5467	6392	6320	6798	7278	7201	7440	8196	6147	6422	6878	5962	6508	6431	7108	8779	7076	7812	7927	8920	10213	6268	6959	8364	6764	6568	6779	6975	7891	7300	7493	7516	7836	8541	9170	10054	10170	10923	11159	14060	11737	13068	13678	13921	14877	15688	14291	16752	17381	15743	14961	13668	14431	13696	13074	12376	12424	
2707	2037	1070	1403	972	9.99999e+008	1255	2053	3363	2520	1691	2145	2660	2607	2171	2379	3050	4641	3743	3608	3645	4413	2818	3083	3159	3309	3431	3483	3663	3465	3893	4476	4659	3901	4199	3742	3307	3734	3759	3899	4524	4994	5404	5861	6355	7684	7467	6603	5869	5402	4649	4108	4265	4394	4316	4373	4854	4844	4947	4953	5878	5755	6233	6713	6636	6875	7631	5582	5857	5983	5067	5613	5536	6213	8214	6181	6917	7032	8025	9570	5373	6064	7469	5869	5673	5884	6080	6996	6405	6598	6621	6941	7646	8275	9159	9275	10028	10264	13165	10842	12173	12783	13026	13982	14793	13396	15857	16486	14848	14066	12773	13536	12801	12179	11481	11529	
3135	2736	2256	1831	1215	1259	9.99999e+008	798	2108	1775	1323	1725	2292	2187	2453	3187	4127	5718	3997	3862	3840	4667	2449	2663	2414	2940	3063	3114	3294	3096	3525	4107	4249	3533	3786	2997	2562	2989	3014	3109	3734	4204	4614	5071	5565	6894	6677	5813	5079	4612	3859	3319	3430	3559	3571	3628	4109	4099	4151	4157	5082	5010	5488	5968	5891	6130	6886	4837	5112	5576	4661	5206	5168	5807	7469	5813	6549	6664	7657	8903	5627	6340	7736	6123	5927	6138	6334	7051	6659	6852	6875	7195	7620	8529	9413	9543	10282	10533	13419	11096	12427	13037	13280	14236	15047	13454	15982	16612	14954	14124	12831	13274	12796	11811	11735	11161	
2583	3462	3054	1762	1419	2057	798	9.99999e+008	1310	2573	2121	2523	3090	2985	3251	3985	4925	6516	4795	4660	4638	5465	3247	3461	3212	3738	3861	3912	4092	3894	4323	4905	5047	4331	4584	3795	3360	3787	3812	3907	4532	5002	5412	5869	6363	7459	7475	6611	5877	5410	4657	4117	4228	4357	4369	4426	4907	4897	4949	4955	5880	5808	6286	6766	6689	6928	7684	5635	5910	6374	5459	6004	5966	6605	8267	6611	7347	7462	8455	9701	6425	7138	8534	6921	6725	6936	7132	7849	7457	7650	7673	7993	8418	9327	10211	10341	11080	11331	14217	11894	13225	13835	14078	15034	15845	14252	16780	17410	15752	14922	13629	14072	13594	12609	12533	11959	
3603	4482	4364	2783	2440	3367	2108	1310	9.99999e+008	1624	3431	3627	2898	3396	4561	5295	6235	7272	4874	4738	4716	5543	3222	3537	2665	3196	3323	3887	4067	3869	4297	4880	4501	3861	4038	3248	2813	3240	2863	3003	3628	4098	4508	4965	5459	6149	6571	5707	4973	4506	3753	3212	3681	3810	3822	3879	4360	4350	4104	4110	5035	4912	5389	5870	6032	6381	7137	5088	5363	6130	5433	5757	5657	6360	7720	6328	7064	7179	8172	9154	6501	7214	8610	6896	6801	7012	7083	7540	7533	7726	7749	8069	8135	9403	10174	10417	11156	11407	14180	11857	13188	13720	14154	15110	15921	13969	16497	17127	15469	14639	13346	13773	13295	12310	12361	11660	
5071	4308	3125	3767	3151	2615	1936	2734	1624	9.99999e+008	2192	2297	1568	1942	3322	4325	4951	5646	3248	3112	3090	3917	1598	1913	1041	1572	1699	2263	2443	2245	2673	3256	2876	2237	2413	1624	1189	1616	1239	1379	2004	2474	2884	3341	3835	5164	4947	4083	3349	2882	2129	1588	2057	2186	2198	2255	2736	2726	2480	2486	3411	3288	3765	4246	4408	4757	5513	3464	3739	4506	3809	4133	4033	4736	6096	4704	5440	5555	6548	7530	4877	5590	6986	5272	5177	5388	5459	5916	5909	6102	6125	6445	6511	7779	8550	8793	9532	9783	12556	10233	11564	12096	12530	13486	14297	12345	14873	15503	13845	13015	11722	12149	11671	10686	10737	10036	
4373	3703	2253	3069	2538	1743	1323	2121	3431	2097	9.99999e+008	530	1007	992	1426	2429	3100	4691	2802	2667	2645	3472	1165	1468	1645	1656	1778	1830	2010	1812	2240	2823	3006	2248	2546	2449	2372	2799	3130	3431	4056	4526	4936	5393	5887	7216	6999	6135	5401	4934	4181	3640	3240	3369	3382	2877	3359	3349	3922	3928	4804	4730	5208	5688	5140	5380	6136	4086	4361	4292	3376	3922	3845	4522	6663	4490	5226	5341	6334	7879	4432	5145	6541	4928	4732	4943	5139	5728	5464	5657	5680	6000	6297	7334	8218	8348	9087	9338	12224	9901	11232	11842	12085	13041	13852	12131	14659	15289	13631	12801	11508	11951	11473	10488	10539	9838	
4775	4105	2655	3471	2940	2145	1725	2523	3655	2300	530	9.99999e+008	729	462	1571	2305	3245	4670	2272	2137	2114	2942	806	938	1362	1371	1493	1545	1725	1527	1955	2538	2726	1963	2261	2164	2089	2516	2847	3449	4073	4543	4954	5411	5905	7234	7017	6153	5419	4952	4199	3362	2957	3086	3099	2592	3074	3064	3639	3645	4519	4447	4925	5405	4855	5095	5851	3801	4076	4007	3091	3637	3560	4237	6378	4205	4941	5056	6049	7594	3902	4615	6011	4398	4202	4413	4609	5422	4934	5127	5150	5470	6012	6804	7688	7818	8557	8808	11694	9371	10702	11312	11555	12511	13322	11846	14374	15004	13346	12516	11223	11666	11188	10203	10010	9553	
5036	4366	3183	3732	3209	2673	1994	2792	2926	1571	1007	729	9.99999e+008	512	2300	3034	3974	4720	2323	2187	2165	2992	673	988	655	1164	1046	1337	1518	1320	1748	2330	2382	1585	1881	1469	1382	1809	2140	2742	3366	3836	4247	4704	5198	6527	6310	5446	4712	4245	3492	2655	2250	2379	2392	2100	2581	2571	2932	2938	3863	3740	4218	4698	4363	4602	5358	3309	3584	3800	2884	3430	3380	4030	5941	3998	4734	4849	5842	7375	3952	4665	6061	4448	4252	4463	4659	5263	4984	5177	5200	5520	5805	6854	7738	7868	8607	8858	11744	9421	10752	11362	11605	12561	13372	11639	14167	14797	13139	12309	11016	11459	10981	9996	10047	9346	
5237	4567	3117	3933	3402	2607	2187	2985	3438	2083	992	462	512	9.99999e+008	2033	2767	3509	4208	1810	1675	1652	2480	344	476	900	909	1031	1083	1263	1065	1493	2076	2261	1501	1799	1702	1627	2054	2385	2987	3611	4081	4492	4949	5443	6772	6555	5691	4957	4490	3737	2900	2495	2624	2637	2130	2612	2602	3177	3183	4057	3985	4463	4943	4393	4633	5389	3339	3614	3545	2629	3175	3098	3775	5916	3743	4479	4594	5587	7132	3440	4153	5549	3936	3740	3951	4147	4960	4472	4665	4688	5008	5550	6342	7226	7356	8095	8346	11232	8909	10240	10850	11093	12049	12860	11384	13912	14542	12884	12054	10761	11204	10726	9741	9548	9091	
4801	4023	2681	3497	3066	2171	2453	3251	4561	3227	1426	1571	2300	2033	9.99999e+008	1003	1674	3265	1632	1497	1474	2301	2227	1912	2933	2290	2417	2464	2569	2446	2874	3457	3640	2882	3180	3088	3084	3510	3842	4444	5068	5538	5949	6406	6900	8229	8012	7148	6414	5947	5194	4357	3899	4028	4041	3511	3993	3983	4583	4589	5438	5391	5869	6349	5774	6014	6770	4720	4995	4826	3961	4152	4429	5106	7220	4823	5559	5674	6667	8212	3262	3975	5370	3758	3562	3772	3969	4782	4294	4487	4509	4830	5535	6164	7048	7177	7916	8167	10755	8731	10062	10672	10915	11871	12682	11285	13746	14375	12737	11955	10662	11425	10690	10070	9370	9481	
4991	4118	2889	3705	3273	2379	3456	4254	5564	4230	2160	2305	3034	2767	1003	9.99999e+008	970	2562	1698	1563	2033	2367	2785	2470	3590	2849	2976	2958	2635	2969	3145	3702	3916	3159	3455	3647	3642	4068	4400	5002	5626	6096	6507	6964	7458	8787	8570	7706	6972	6505	5752	4915	4458	4587	4600	3787	4268	4258	5142	5148	5715	5950	6428	6908	6049	6289	6979	4995	5270	4892	4027	4218	4495	5172	7286	4889	5625	5740	6733	8278	3328	3984	5389	3824	3628	3838	4035	4848	4360	4553	4575	4896	5601	6230	7114	7195	7974	8184	10821	8797	10128	10738	10981	11937	12748	11351	13812	14441	12803	12021	10728	11491	10756	10136	9436	9547	
5679	4902	3560	4376	3945	3050	4127	4925	6235	4901	3100	3245	3974	3465	1674	970	9.99999e+008	1592	1973	1975	2551	2606	3304	2989	4109	3367	3494	3196	2873	3207	3383	3940	4154	3397	3693	4165	4160	4587	4918	5520	6144	6614	7025	7482	7976	9305	9088	8224	7490	7023	6270	5433	4771	4900	4955	4025	4506	4496	5492	5498	5953	6468	6946	7242	6287	6527	7283	5233	5508	5130	4400	4456	4869	5542	7659	5127	5863	5978	6971	8516	3566	3014	4419	4062	3866	4077	4273	5086	4598	4791	4814	5134	5839	6468	7352	6225	7004	7214	10332	9035	10366	10976	11219	12175	12986	11589	14050	14679	13041	12259	10966	11729	10994	10374	9674	9785	
5258	4386	4527	5940	5509	4614	5691	6489	7385	5761	4664	4654	4690	4192	3238	2534	1564	9.99999e+008	2701	2702	3278	3333	4031	3716	4836	4094	4221	3924	3600	3935	4110	4667	4881	4125	4421	4892	4888	5314	5646	6248	6872	7342	7753	8210	8704	10033	9816	8952	8218	7751	6998	6161	5499	5628	5683	4752	5234	5224	6220	6226	6681	7195	7673	7970	7015	7255	8011	5961	6236	6043	5127	5319	5596	6273	8386	5990	6726	6841	7834	9379	4429	3742	5147	4925	4728	4939	5136	6051	5461	5654	5676	5997	6702	7331	8215	6953	7732	7942	11060	9898	11229	11839	12082	13038	13849	12452	14913	15542	13904	13122	11829	12592	11857	11237	10537	10648	
6458	5698	4339	5155	4723	3829	4051	4849	5208	3584	3007	2477	2524	2015	1675	1749	1698	2398	9.99999e+008	386	1101	1017	1854	1539	2659	1917	2044	1608	1284	1619	1794	2351	2565	1809	2105	2715	2710	3137	3468	4070	4694	5164	5575	6032	6526	7855	7638	6774	6040	5573	4820	3873	3183	3312	3367	2437	2918	2908	3904	3910	4365	4972	5450	5654	4699	4939	5628	3645	3920	3542	2676	2868	3145	3822	5935	3539	4274	4390	5383	6928	1978	2343	3739	2474	2277	2488	2684	3498	3010	3203	3225	3545	4250	4879	5763	5546	6285	6536	9471	7446	8777	9387	9630	10586	11397	10000	12461	13090	11452	10670	9377	10140	9405	8785	8085	8196	
6272	5494	4152	4968	4537	3642	3864	4662	5021	3397	2820	2290	2337	1828	1489	1563	2013	2710	315	9.99999e+008	856	805	1667	1352	2472	1730	1857	1395	1072	1407	1582	2139	2353	1597	1893	2528	2523	2950	3281	3883	4507	4977	5388	5845	6339	7668	7451	6587	5853	5362	4633	3660	2971	3100	3155	2224	2705	2696	3692	3698	4153	4760	5238	5442	4487	4727	5416	3433	3708	3329	2464	2655	2932	3610	5723	3327	4062	4178	5171	6716	1765	2570	3975	2261	2065	2276	2472	3285	2797	2990	3013	3333	4038	4667	5551	5781	6560	6770	9259	7234	8565	9175	9418	10374	11185	9788	12249	12878	11240	10458	9165	9928	9193	8573	7873	7984	
6272	5494	4152	4968	4537	3642	3846	4644	4981	3357	2780	2250	2285	1788	1471	2049	2500	3199	802	666	9.99999e+008	851	1627	1312	2432	1690	1817	1820	1497	1846	2007	2564	2778	2021	2320	2488	2483	2910	3241	3843	4467	4937	5348	5805	6299	7628	7411	6547	5813	5346	4593	3756	3299	3428	3441	2652	3133	3123	3983	3989	4577	4791	5269	5749	4914	5154	5590	3860	3882	3503	2638	2829	3106	3784	5897	3500	4236	4351	5344	6889	1939	2744	4099	2435	2239	2449	2646	3459	2971	3164	3187	3507	4212	4841	5725	5904	6685	6896	9432	7408	8739	9349	9592	10548	11359	9962	12423	13052	11414	10632	9339	10102	9367	8747	8047	8158	
7123	6345	5003	5819	5388	4493	4697	5495	5705	4080	3499	3101	3006	2639	2322	2536	2638	3338	1048	1049	851	9.99999e+008	2408	2163	3185	2411	2538	1888	1564	1899	2074	1978	2729	2089	2385	3209	3204	3631	3962	4564	5188	5658	6069	6526	7020	8349	7949	7268	6534	6067	5314	4186	3463	3592	3647	2717	3198	3039	4184	4190	4645	5252	5730	5934	4786	4371	4746	3732	3038	2660	1794	1986	2263	2940	5053	2657	3393	3508	4501	6046	1096	1901	3248	1592	1395	1606	1803	2616	2128	2321	2343	2664	3369	3998	4882	5053	5834	6045	8589	6565	7896	8506	8749	9705	10516	9119	11580	12209	10571	9789	8496	9259	8524	7904	7204	7315	
5499	4830	3380	4196	3664	2870	2449	3247	3599	1983	1165	806	673	344	2319	2896	3348	4047	1649	1514	1491	2319	9.99999e+008	315	805	565	687	739	919	721	1149	1732	1915	1157	1455	1358	1358	1785	2116	2718	3342	3812	4223	4680	5174	6503	6286	5422	4688	4221	3468	2631	2169	2298	2311	1786	2268	2258	2852	2858	3713	3660	4138	4618	4049	4289	5045	2995	3270	3201	2285	2831	2754	3431	5572	3399	4135	4250	5243	6788	3279	3992	5388	3775	3579	3790	3986	4637	4311	4504	4527	4847	5206	6181	7065	7195	7934	8185	10773	8748	10079	10689	10932	11888	12699	11040	13568	14198	12540	11710	10417	10860	10382	9397	9387	8747	
5713	5043	3593	4409	3878	3083	2663	3461	3684	2060	1468	938	985	476	2004	2581	3032	3732	1334	1199	1176	2004	315	9.99999e+008	1120	439	567	613	793	596	1024	1606	1790	1032	1330	1238	1233	1659	1991	2593	3217	3687	4097	4554	5048	6377	6161	5296	4563	4096	3343	2506	2049	2178	2190	1661	2143	2133	2731	2737	3588	3539	4017	4497	3924	4164	4920	2870	3145	3076	2160	2705	2693	3306	5447	3273	4009	4124	5117	6662	2964	3677	5073	3460	3264	3475	3671	4484	3996	4189	4212	4532	5080	5866	6750	6880	7619	7870	10458	8433	9764	10374	10617	11573	12384	10914	13442	14072	12414	11584	10291	10734	10256	9271	9072	8621	
5345	4675	3492	4041	3518	2982	2303	3101	2815	1191	1648	1363	655	901	2876	3453	3905	4604	2206	2071	2048	2876	557	872	9.99999e+008	531	658	1222	1402	1204	1632	2215	1954	1196	1492	814	727	1154	1485	2087	2711	3181	3592	4049	4543	5872	5655	4791	4057	3590	2837	2000	1595	1724	1737	1445	1926	1916	2277	2283	3208	3085	3563	4043	3708	3947	4703	2654	2929	3465	2768	3092	2992	3695	5286	3663	4399	4514	5507	6720	3836	4549	5945	4231	4136	4347	4418	4875	4868	5061	5084	5404	5470	6738	7509	7752	8491	8742	11330	9192	10523	11055	11489	12445	13256	11304	13832	14462	12804	11974	10681	11124	10646	9661	9712	9011	
5823	5153	3927	4519	3996	3417	2781	3579	3293	1669	1674	1377	895	915	2382	2960	3410	4110	1712	1577	1555	2382	571	439	774	9.99999e+008	159	721	901	703	1131	1714	1455	697	993	800	795	1222	1553	2155	2779	3249	3660	4117	4611	5940	5723	4859	4125	3658	2905	2068	1611	1740	1753	1325	1806	1796	2293	2299	3224	3101	3579	4059	3587	3827	4583	2533	2808	2966	2268	2593	2493	3196	5110	3164	3900	4015	5008	6544	3342	4055	5451	3732	3642	3853	3919	4376	4374	4567	4590	4910	4971	6244	7010	7258	7997	8248	10836	8693	10024	10556	10995	11951	12762	10805	13333	13963	12305	11475	10182	10625	10147	9162	9213	8512	
6328	5658	4208	5024	4493	3698	3278	4076	3925	2301	1994	1709	1502	1247	2713	3352	3650	4350	2060	1814	1886	2445	903	771	1407	634	9.99999e+008	863	793	592	1024	1606	1297	539	835	1432	1428	1854	2186	2787	3412	3882	4293	4750	5244	6573	6317	5453	4719	4054	3499	2311	1666	1795	1850	1167	1648	1638	2387	2393	3095	3455	3933	4384	3429	3669	4425	2375	2650	2808	2160	2435	2335	3038	4952	3006	3742	3857	4850	6386	3457	4261	5666	3574	3756	3967	3761	4218	4406	4681	4522	5024	4813	6133	6852	7472	8251	8461	10858	8535	9866	10398	10960	11916	12727	10647	13175	13805	12147	11317	10024	10467	9989	9004	9055	8354	
5945	5275	3825	4641	4110	3315	2895	3693	3816	2192	1611	1315	1119	853	2319	2897	3322	4022	1650	1486	1492	2117	520	377	1297	523	650	9.99999e+008	414	679	924	1481	1695	990	1286	1321	1316	1743	2074	2676	3300	3770	4181	4638	5132	6461	6244	5380	4646	4179	3426	2589	2132	2261	2274	1618	2052	2043	2815	2821	3546	3623	4101	4581	3834	4074	4830	2780	3088	2975	2059	2604	2592	3205	5348	3172	3908	4023	5016	6561	3078	3882	5287	3573	3377	3588	3784	4475	4109	4302	4325	4645	4979	5979	6863	7093	7872	8082	10706	8546	9877	10487	10730	11686	12497	10813	13341	13971	12313	11483	10190	10633	10155	9170	9185	8520	
6320	5650	4200	5016	4485	3690	3270	4068	4191	2567	1986	1690	1494	1228	2561	2635	2908	3608	1318	1072	1497	1703	895	752	1672	898	1025	375	9.99999e+008	378	510	1067	1281	576	872	1696	1691	2118	2449	3051	3675	4145	4556	5013	5507	6836	6436	5730	4996	4331	3776	2629	1942	2071	2126	1204	1638	1629	2663	2669	3132	3731	4209	4421	3420	3660	4416	2366	2674	2561	1645	2190	2178	2791	4934	2758	3494	3609	4602	6147	2664	3468	4873	3159	2963	3174	3370	4061	3695	3888	3911	4231	4565	5565	6449	6679	7458	7668	10292	8132	9463	10073	10316	11272	12083	10399	12927	13557	11899	11069	9776	10219	9741	8756	8771	8106	
6236	5567	4117	4933	4402	3607	3187	3985	3834	2210	1902	1617	1410	1155	2622	3199	3587	4287	1952	1751	1794	2343	811	679	1315	542	670	518	679	9.99999e+008	929	1511	1196	438	734	1341	1336	1762	2094	2696	3320	3790	4200	4657	5151	6480	6215	5351	4617	3952	3397	2250	1564	1693	1748	1065	1547	1537	2285	2291	2994	3353	3831	4283	3328	3568	4324	2274	2549	2707	2065	2334	2234	2937	4851	2905	3641	3756	4749	6285	3343	4147	5552	3473	3642	3853	3660	4117	4305	4567	4421	4910	4712	6032	6751	7358	8137	8347	10757	8434	9765	10297	10859	11815	12626	10546	13074	13704	12046	11216	9923	10366	9888	8903	8954	8253	
6774	6104	4654	5470	4939	4144	3724	4522	4405	2781	2440	2144	1948	1682	3148	3343	3616	4316	2026	1780	2257	2411	1349	1206	1886	1114	1241	829	760	840	9.99999e+008	1080	771	769	811	1912	1907	2334	2665	3187	3590	4060	4471	4928	5422	6751	6375	5637	4887	4246	3668	2593	2132	2261	2316	1143	1128	1119	2771	2765	3109	3640	4118	4324	2910	3150	3906	1856	2164	2280	1634	1907	1807	2511	4424	2478	3214	3329	4322	5858	3172	3977	5382	3047	3264	3682	3233	3690	3879	4521	3994	4821	4285	5605	6324	7188	7967	8177	10330	8007	9338	9870	10432	11388	12199	10119	12647	13277	11619	10789	9496	9939	9461	8476	8527	7826	
6956	6286	4836	5652	5121	4326	3906	4704	4827	3203	2622	2325	2129	1863	3330	3525	3798	4498	2208	1962	2439	2593	1531	1387	2308	1534	1661	1011	942	1022	447	9.99999e+008	752	1212	1258	2332	2327	2754	3085	3634	4037	4507	4918	5375	5869	7198	6822	6084	5334	4693	4115	3040	2579	2708	2763	1590	1575	1061	3218	3212	3556	4087	4565	4771	3357	3092	3848	2303	2106	1992	1077	1622	1610	2223	4384	2190	2926	3041	4034	5579	2615	3420	4825	2849	2915	3125	3036	3493	3647	3840	3797	4183	3997	5317	6036	6631	7410	7620	10042	7719	9050	9582	10144	11100	11911	9831	12359	12989	11331	10501	9208	9651	9173	8188	8239	7538	
7018	6348	4898	5714	5183	4388	3968	4766	4634	3010	2684	2388	2192	1926	3392	3587	3861	4561	2271	2025	2501	2655	1593	1450	2115	1342	1469	1073	1004	1085	510	813	9.99999e+008	998	1040	2140	2136	2562	2894	3479	3828	4298	4709	5166	5660	6989	6604	5933	5125	4659	3906	2885	2361	2490	2545	1371	1366	851	3019	3025	3402	3933	4411	4617	3202	2882	3638	2148	1896	2015	1366	1642	1542	2245	4159	2213	2949	3064	4057	5593	2905	3710	5115	2781	2998	3415	2968	3425	3613	4255	3729	4556	4020	5340	6059	6921	7700	7910	10065	7742	9073	9605	10167	11123	11934	9854	12382	13012	11354	10524	9231	9674	9196	8211	8262	7561	
6278	5609	4426	4975	4451	3916	3236	4034	3748	2124	2256	1960	1365	1498	2964	3159	3433	4133	1843	1597	2073	2227	1165	1022	1230	689	847	645	576	657	806	1389	758	9.99999e+008	299	1255	1251	1677	2009	2610	3235	3705	4116	4573	5067	6396	5863	5162	4431	3761	3211	2064	1378	1507	1562	631	1112	1102	2099	2105	2556	3164	3642	3845	2893	3133	3889	1839	2114	2591	1943	2218	2118	2821	4472	2789	3525	3640	4633	5906	3240	4044	5449	3357	3539	3750	3544	4001	4189	4464	4305	4807	4596	5916	6635	7255	8034	8244	10641	8318	9649	10181	10743	11699	12510	10430	12958	13588	11930	11100	9807	10250	9772	8787	8838	8137	
6230	5560	4377	4926	4403	3867	3188	3986	3700	2076	2636	2340	1745	1878	3344	3539	3813	4513	2223	1976	2453	2607	1545	1402	1181	1069	1227	1025	956	1036	1175	1757	953	380	9.99999e+008	1207	1202	1629	1960	2562	3186	3656	4067	4524	5018	6347	5564	5108	4374	3709	3154	2007	1321	1450	1505	332	813	803	1980	1986	2514	3042	3520	3803	2594	2834	3523	1540	1815	2966	2311	2593	2493	3196	4173	3164	3576	3982	4759	5607	3620	4424	5829	3732	3919	4130	3919	4376	4564	4844	4680	5187	4971	6258	6977	7635	8414	8624	10983	8660	9991	10480	11085	12041	12852	10573	13258	13768	12077	11243	9951	10226	9748	8763	8814	8113	
6019	5350	4167	4715	4192	3656	2977	3775	3489	1865	2611	2312	1625	1850	3317	3829	4102	4802	2513	2266	2490	2897	1508	1374	970	937	1094	1315	1246	1051	1474	2057	1252	670	789	9.99999e+008	991	1418	1749	2351	2975	3445	3856	4313	4807	6136	5771	4907	4173	3508	2953	1765	1120	1249	1304	631	1112	1102	1841	1847	2772	2909	3387	3867	2894	3133	3823	1840	2115	3261	2610	2888	2788	3491	4472	3459	3875	4281	5058	5906	3910	4714	6119	4027	4209	4420	4214	4671	4859	5134	4975	5477	5266	6557	7276	7925	8704	8914	11282	8959	10290	10779	11384	12340	13151	10872	13557	14067	12376	11542	10250	10525	10047	9062	9113	8412	
5877	5208	4025	4574	4051	3515	2836	3634	2664	1040	2465	2171	1458	1709	3175	3753	4204	4904	2506	2371	2348	3175	1365	1233	829	795	953	1514	1695	1497	1925	2507	1862	1280	1399	610	9.99999e+008	427	758	1360	1984	2454	2865	3322	3816	5145	4928	4064	3330	2863	2110	1273	958	1087	1099	1241	1722	1712	1640	1646	2571	2448	2926	3406	3504	3743	4433	2450	2725	3759	3061	3386	3286	3990	5082	3957	4485	4808	5668	6516	4136	4849	6244	4526	4435	4646	4712	5169	5168	5361	5384	5704	5764	7038	7803	8051	8790	9041	11630	9486	10817	11349	11789	12745	13556	11482	14126	14677	12986	12152	10860	11135	10657	9672	9723	9022	
5789	5026	3843	4485	3869	3333	2654	3452	2593	969	2892	2597	1885	2135	3602	4180	4630	5330	2932	2797	2775	3602	1791	1659	1255	1222	1379	1941	2121	1923	2351	2934	2288	1706	1825	1036	427	9.99999e+008	409	1011	1635	2105	2515	2973	3467	4796	4579	3714	2981	2514	1761	924	913	1042	1054	1667	2148	2138	1597	1603	2528	2624	3101	3582	3525	3911	4667	2591	3151	4186	3487	3813	3713	4416	5508	4384	4911	5235	6094	6942	4562	5275	6671	4952	4862	5073	5139	5596	5594	5787	5810	6130	6191	7464	8230	8478	9217	9468	12056	9913	11244	11776	12215	13171	13982	11908	14553	15103	13412	12578	11286	11561	11083	10098	10149	9448	
6145	5382	4199	4841	4225	3689	3010	3808	2949	1325	3469	3175	2462	2713	4179	4757	5208	5908	3510	3375	3352	4179	2369	2237	1833	1799	1957	2518	2699	2501	2929	3511	2866	2284	2403	1614	1004	655	9.99999e+008	906	1531	2000	2411	2868	3362	4691	4474	3610	2876	2409	1656	1115	1568	1697	1709	2245	2663	2716	2007	2013	2938	2815	3292	3773	3935	4321	5077	3001	3663	4763	4065	4390	4290	4994	6086	4961	5451	5812	6672	7520	5140	5853	7248	5530	5439	5650	5716	6173	6172	6365	6388	6708	6768	8042	8807	9055	9794	10045	12634	10490	11821	12353	12793	13749	14560	12486	15130	15628	13990	13156	11864	12139	11661	10676	10727	10026	
6656	5893	4711	5352	4736	4200	3521	4319	3460	1836	4013	3719	3006	3257	4723	5301	5752	6452	4054	3919	3896	4723	2913	2781	2377	2343	2501	3062	3243	3045	3473	4055	3232	2828	2947	2158	1548	1199	1073	9.99999e+008	626	1096	1506	1963	2457	3786	3788	2924	2190	1724	970	840	1526	1655	1682	2789	2388	3082	1732	1738	2420	2275	2729	3207	3582	3969	4572	2726	3310	5247	4598	4874	4774	5030	6088	5445	5098	5504	6612	7683	5684	6397	7792	6013	5983	6194	6200	6657	6716	6909	6932	7252	6575	7779	8499	9599	10338	10589	12505	10182	11513	12123	12607	13563	14374	12501	15030	15303	13712	13171	11879	12229	11751	10766	10817	10116	
7030	6267	5084	5726	5110	4574	3895	4693	3834	2210	4387	4092	3380	3630	5097	5675	6126	6826	4428	4293	4270	5097	3287	3154	2751	2717	2874	3436	3617	3418	3847	4410	3597	3202	3321	2532	1922	1572	1447	1302	9.99999e+008	578	987	1444	1938	3267	3356	2491	1757	1291	538	1213	1899	2028	2055	3163	2761	3447	1221	1215	1960	1827	2297	2775	2956	3343	4099	2176	2684	4720	4200	4746	4328	4404	5654	4979	4472	4878	5986	7163	5728	6532	7937	5567	5786	6238	5753	6213	6401	6820	6517	6654	5949	7153	7873	9743	10446	10226	11879	9556	10887	11497	11981	12937	13748	11950	14510	14783	13192	12620	11327	11603	11125	10140	10191	9490	
7500	6737	5554	6196	5580	5044	4365	5163	4304	2680	4857	4562	3850	4100	5567	6145	6596	7296	4898	4763	4740	5567	3757	3624	3221	3187	3344	3906	4087	3888	4317	4880	4067	3671	3790	3001	2392	2042	1917	1777	578	9.99999e+008	552	1009	1503	2832	3082	2316	1582	1120	732	1683	2369	2498	2525	3632	3231	3917	1691	1685	1798	1645	2121	2599	3109	3526	3964	2646	3154	5190	4670	5216	4798	4874	5480	5449	4942	5348	6456	7345	6198	7002	8407	6037	6256	6708	6223	6683	6871	7290	6987	7124	6419	7623	8343	10213	10916	10696	12349	10026	11357	11967	12451	13407	14218	12311	14980	15253	13662	12981	11689	11964	11486	10501	10552	9851	
7910	7147	5964	6606	5990	5454	4775	5573	4714	3090	5267	4973	4260	4511	5977	6555	7006	7706	5308	5173	5150	5977	4167	4035	3631	3597	3755	4316	4497	4299	4727	5290	4477	4082	4201	3412	2802	2453	2327	2289	987	552	9.99999e+008	502	996	2325	2575	1873	1802	1207	1284	2094	2780	2909	2936	4043	3642	4328	2101	2095	1878	1733	2018	2496	3006	3423	3861	3056	3565	5601	5081	5626	5208	5285	5377	5860	5353	5759	6867	7242	6608	7413	8818	6447	6666	7118	6634	7093	7281	7701	7397	7535	6830	8034	8754	10624	11327	11107	12760	10437	11768	12378	12862	13818	14629	12208	15378	15403	13712	12878	11586	11861	11383	10398	10449	9748	
8367	7604	6421	7063	6447	5911	5232	6030	5171	3547	5724	5430	4717	4968	6434	7012	7463	8163	5765	5630	5607	6434	4624	4492	4088	4054	4212	4773	4954	4756	5184	5747	4934	4539	4658	3869	3259	2910	2784	2746	1444	1009	502	9.99999e+008	494	1823	2073	1371	1300	1664	1741	2551	3237	3366	3393	4500	4099	4785	2558	2552	2335	2190	1642	1994	2630	3047	3360	3513	4022	6058	5538	6083	5665	5742	4876	6317	5810	6216	7237	6743	7065	7870	9275	6904	7123	7575	7091	7550	7738	8158	7854	7992	7287	8491	9211	11081	11784	11564	12569	10835	11769	12065	12971	13927	14738	11708	14878	14903	13213	12377	11085	11360	10882	9897	9949	9247	
8934	8171	6988	7630	7014	6478	5799	6597	5738	4114	6290	5996	5283	5534	7000	7578	8029	8729	6331	6196	6173	7000	5190	5058	4654	4620	4778	5339	5520	5322	5750	6314	5501	5105	5224	4435	3825	3476	3351	3312	2010	1576	1069	567	9.99999e+008	1455	1976	1275	1204	2231	2308	3117	3803	3932	3959	5066	4665	5352	3125	3119	2902	2757	2209	1897	3197	3614	3264	4080	4588	6624	6104	6650	6231	6308	4780	6883	6376	6782	7141	6645	7632	8436	9841	7471	7689	8142	7657	8116	8304	8724	8420	8558	7853	9057	9777	11647	12350	12130	12472	10739	11673	11967	12875	13831	14642	11611	14781	14806	13115	12281	10989	11264	10786	9801	9852	9151	
10842	10079	8896	9538	8922	8386	7707	8505	7646	6022	8199	7905	7192	7443	8909	9487	9938	10638	8240	8105	8082	8909	7099	6967	6563	6529	6687	7248	7429	7231	7659	8222	7409	7014	7133	6344	5734	5385	5259	5221	3919	3484	2977	2475	1983	9.99999e+008	3885	3183	3113	4139	4216	5026	5712	5841	5868	6975	6574	7260	5033	5027	4810	4665	4117	3806	5105	5522	5172	5988	6497	8533	8013	8558	8140	8217	6688	8792	8285	8691	9049	8554	9540	10345	11750	9379	9598	10050	9566	10025	10213	10633	10329	10467	9762	10966	11686	13556	14259	14039	14381	12647	13581	13876	14783	15739	16550	13520	16690	16715	15024	14189	12897	13172	12694	11709	11761	11059	
9925	9162	7979	8621	8005	7469	6790	7588	6729	5105	7282	6988	6275	6526	7992	8570	9021	9721	7323	7188	7165	7992	6182	6049	5646	5612	5769	6331	6512	6313	6378	6966	6153	5957	6155	5427	4817	4467	4342	4664	3362	3082	2575	2073	2100	3430	9.99999e+008	864	1606	2808	2850	4108	4657	4786	4781	5510	5205	6003	3936	3930	3476	3220	2623	2300	3603	4028	3666	4891	5399	7302	6759	7305	6886	6986	5182	7538	7054	7459	7543	7047	8287	9091	10496	8126	8344	8797	8312	8769	8959	9379	9075	9236	8531	9735	10454	12302	13027	12807	12874	11141	12075	12369	13277	14233	15044	12013	15183	15208	13517	12683	11391	11666	11188	10203	10254	9553	
9061	8298	7115	7757	7141	6605	5926	6724	5865	4241	6418	6123	5411	5661	7128	7706	8157	8857	6459	6324	6301	7128	5318	5185	4782	4748	4905	5467	5648	5449	5878	6259	5446	5092	5291	4563	3953	3603	3478	3800	2498	2309	1802	1300	1328	2657	1199	9.99999e+008	742	1944	1986	3244	3793	3922	3917	5132	4792	5296	3072	3066	2612	2356	1759	1436	2739	3164	2802	4027	4535	6438	6130	6576	6257	6122	4318	6858	6190	6595	6679	6183	7657	8462	9867	7496	7715	8167	7683	8142	8330	8750	8446	8372	7667	8871	9590	11673	12163	11943	12010	10277	11211	11505	12413	13369	14180	11149	14319	14344	12653	11819	10527	10802	10324	9339	9390	8689	
8320	7558	6375	7016	6400	5864	5185	5983	5124	3500	5677	5383	4670	4921	6387	6965	7416	8116	5718	5583	5560	6387	4577	4445	4041	4007	4165	4726	4907	4709	5137	5520	4707	4352	4551	3822	3212	2863	2738	3059	1757	1582	1352	1230	1257	2586	1600	736	9.99999e+008	1204	1246	2504	3053	3182	3177	4392	4052	4558	2332	2326	1875	1616	1019	1019	2007	2424	2385	3286	3795	5831	5390	5935	5517	5493	3901	6169	5561	5989	6262	5766	6917	7722	9127	6756	6975	7427	6943	7402	7590	8010	7706	7765	7060	8264	8984	10933	11557	11337	11593	9860	10794	11088	11996	12952	13763	10732	13902	13927	12236	11402	10110	10385	9907	8922	8973	8272	
7714	6951	5768	6410	5794	5258	4579	5377	4518	2894	5071	4776	4064	4314	5781	6359	6810	7510	5112	4977	4954	5781	3971	3838	3435	3401	3558	4120	4301	4102	4531	4914	4101	3745	3944	3216	2606	2256	2131	2453	1151	975	745	1202	1696	3025	2263	1399	665	9.99999e+008	639	1897	2446	2575	2570	3785	3445	3951	1725	1719	1268	1123	1204	1682	2192	2609	3047	2680	3188	5224	4783	5329	4910	4908	4563	5562	4976	5382	6490	6428	6310	7115	8520	6149	6368	6820	6336	6795	6983	7403	7099	7158	6453	7657	8377	10326	10950	10730	12255	10060	11391	11750	12485	13441	14252	11394	14564	14589	12898	12064	10772	11047	10569	9584	9635	8934	
7100	6338	5155	5796	5180	4645	3965	4763	3904	2280	4457	4163	3450	3701	5167	5745	6196	6896	4498	4363	4340	5167	3357	3225	2821	2787	2945	3506	3687	3489	3917	4300	3487	3132	3331	2602	1992	1643	1518	1840	538	636	1072	1529	2023	3352	2844	1980	1246	779	9.99999e+008	1284	1833	1962	1957	3172	2832	3338	1112	1106	1450	1305	1783	2263	2771	3188	3626	2066	2575	4611	4170	4715	4297	4295	5142	4949	4363	4769	5877	7007	5697	6502	7907	5536	5755	6207	5723	6182	6370	6790	6486	6545	5840	7044	7764	9713	10337	10117	11770	9447	10778	11388	11872	12828	13639	11841	14479	14753	13162	12511	11218	11494	11016	10031	10082	9381	
6560	5797	4614	5256	4640	4104	3425	4223	3364	1740	3917	3622	2910	3160	4627	5205	5655	6355	3957	3822	3800	4329	2817	2684	2281	2247	2404	2495	2678	2477	2900	3205	2392	2096	2216	1854	1452	1102	977	594	1218	1688	2099	2556	3050	4379	4162	3298	2564	2097	1344	9.99999e+008	686	815	842	2057	1548	2242	892	898	1823	1700	2177	2658	2820	3206	3962	1886	2548	4407	3758	4034	3934	4239	5517	4605	4336	4742	5850	7078	5297	6102	7507	5173	5390	5807	5360	5817	6005	6560	6121	6518	5813	7017	7737	9313	10092	10090	11743	9420	10751	11361	11845	12801	13612	11814	14466	15009	13362	12484	11191	11467	10989	10004	10055	9354	
6702	5939	4756	5398	4782	4246	3567	4365	3501	1877	3360	3066	2353	2604	4070	4632	4906	5606	3316	3070	3243	3671	2260	2128	1724	1690	1848	1837	2020	1819	2242	2825	2020	1438	1558	1168	895	913	1244	1279	1904	2374	2785	3242	3736	5065	4651	3787	3053	2388	1833	686	9.99999e+008	129	184	1399	1372	1871	721	727	1652	1789	2267	2747	2649	3035	3791	1716	2377	4029	3379	3656	3556	4068	5241	4227	4165	4571	5679	6675	4678	5482	6887	4795	4977	5188	4982	5439	5627	5902	5743	6245	5642	6846	7566	8693	9472	9682	11572	9249	10580	11190	11674	12630	13441	11641	14295	14569	12978	12311	11019	11294	10816	9831	9882	9181	
6693	6024	4841	5390	4867	4331	3652	4450	3530	1906	3285	2987	2300	2525	3991	4503	4777	5477	3187	2941	3164	3571	2182	2049	1645	1611	1769	1743	1920	1725	2149	2731	1926	1344	1465	1297	924	1042	1373	1408	2033	2503	2914	3371	3865	5194	4780	3916	3182	2517	1962	815	129	9.99999e+008	313	1305	1278	1777	850	856	1781	1918	2396	2876	2778	3164	3920	1845	2506	3935	3287	3562	3462	4165	5147	4133	4294	4700	5765	6581	4584	5388	6793	4701	4883	5094	4888	5345	5533	5808	5649	6151	5771	6975	7695	8599	9378	9588	11701	9378	10709	11319	11803	12759	13570	11547	14232	14698	13051	12217	10925	11200	10722	9737	9788	9087	
6603	5934	4751	5300	4777	4241	3562	4360	3439	1815	3195	2897	2210	2435	3901	4413	4687	5387	3097	2851	3074	3481	2092	1959	1555	1521	1679	1653	1830	1635	2058	2641	1836	1254	1374	1096	834	1202	1534	1575	2200	2670	3081	3538	4032	5361	4947	4083	3349	2684	2129	982	296	167	9.99999e+008	1215	1188	1687	1017	1023	1948	2085	2563	3043	2591	2977	3733	1537	2319	3845	3195	3472	3372	4011	5057	4043	4078	4513	5621	6491	4494	5298	6703	4611	4793	5004	4798	5255	5443	5718	5559	6061	5584	6788	7508	8509	9288	9498	11514	9191	10522	11132	11616	12572	13383	11457	14142	14440	12849	12127	10835	11110	10632	9647	9698	8997	
6404	5734	4551	5100	4577	4041	3362	4160	3602	1978	2810	2514	1919	2052	3518	3713	3986	4686	2396	2150	2627	2781	1719	1576	1355	1243	1401	1199	1130	1210	1358	1941	1136	554	673	895	938	1365	1696	2285	2870	3339	3750	4207	4701	6030	5491	4707	3978	3315	2760	1692	1006	1135	1190	9.99999e+008	996	987	1648	1654	2182	2710	3188	3471	2778	3018	3707	1724	1999	3145	2495	2772	2672	3375	4357	3343	3759	4165	4942	5790	3794	4598	6003	3911	4093	4304	4098	4555	4743	5018	4859	5361	5150	6441	7160	7809	8588	8798	11166	8843	10174	10664	11268	12224	13035	10756	13442	13951	12260	11426	10134	10409	9931	8946	8997	8296	
7084	6415	5232	5781	5258	4722	4043	4841	3813	2189	3623	3327	2665	2865	4331	4521	4794	5494	3204	2958	3383	3589	2532	2389	2036	2002	2160	2012	1886	2023	1458	1761	948	1367	1485	1481	1207	1576	1907	2113	2462	2932	3343	3800	4294	5623	5359	4495	3759	3172	2540	1519	1072	1201	1256	813	9.99999e+008	798	1697	1691	2036	2567	3045	3251	1836	2222	2978	782	1564	2963	2314	2589	2490	3193	4168	3161	3323	3758	4786	5602	3853	4658	6063	3729	3946	4363	3916	4373	4561	5203	4677	5504	4829	6033	6753	7869	8648	8858	10759	8436	9767	10377	10861	11817	12628	10568	13253	13686	12072	11238	9946	10221	9743	8758	8809	8108	
7162	6492	5309	5858	5335	4799	4120	4918	4360	2736	3568	3272	2677	2810	4276	4466	4739	5439	3149	2903	3328	3207	2477	2334	2113	2001	2159	1957	1831	1968	1403	1251	893	1312	1431	1653	1696	2123	2454	2805	3154	3624	4035	4492	4986	6315	5990	5174	4445	3782	3227	2211	1764	1893	1948	758	747	9.99999e+008	2307	2301	2646	3177	3655	3861	2446	2031	2753	1392	1045	2527	1547	2092	2080	2738	3402	2660	2805	3211	3988	4836	3085	3890	5295	3319	3384	3595	3506	3963	4151	4594	4267	4936	4283	5487	6206	7101	7880	8090	10189	7889	9220	9677	10314	11270	12081	9802	12455	12728	11137	10472	9180	9455	8977	7992	8043	7342	
7423	6660	5477	6119	5503	4967	4288	5086	4222	2598	4039	3745	3032	3283	4749	5179	5453	6153	3863	3617	3922	4247	2939	2807	2403	2369	2527	2516	2596	2498	2826	3382	2568	2020	2237	1848	1574	1634	1869	1485	1221	1691	2101	2558	3052	4381	3930	3065	2332	1667	1112	892	721	850	863	2078	1949	2418	9.99999e+008	6	931	1068	1546	2026	1928	2314	3070	1147	1656	3692	3278	3823	3405	3347	4625	4044	3444	3850	4958	6206	4805	5610	7015	4644	4863	5315	4831	5288	5478	5885	5594	5626	4921	6125	6845	8821	9418	9198	10851	8528	9859	10469	10953	11909	12720	10922	13574	13848	12257	11592	10299	10575	10097	9112	9163	8462	
7429	6666	5483	6125	5509	4973	4294	5092	4228	2604	4045	3751	3038	3289	4755	5185	5459	6159	3869	3623	3928	4253	2945	2813	2409	2375	2533	2522	2602	2504	2832	3375	2562	2026	2243	1854	1580	1640	1875	1491	1215	1685	2095	2552	3046	4375	3923	3059	2326	1661	1106	898	727	856	869	2084	1943	2412	6	9.99999e+008	925	1062	1540	2020	1922	2308	3064	1141	1650	3686	3272	3817	3399	3341	4619	4038	3438	3844	4952	6200	4799	5604	7009	4638	4857	5309	4825	5282	5472	5879	5588	5620	4915	6119	6839	8815	9412	9192	10845	8522	9853	10463	10947	11903	12714	10916	13568	13842	12251	11586	10293	10569	10091	9106	9157	8456	
8182	7513	6330	6879	6356	5820	5141	5939	5018	3394	4774	4476	3789	4014	5480	5992	6266	6966	4676	4430	4653	5060	3671	3538	3134	3100	3258	3232	3409	3214	3417	3720	2907	2833	2953	2675	2413	2565	2800	2416	1959	1786	1878	2335	2829	4158	3468	2604	1870	1205	1450	1823	1652	1746	1579	2771	2287	2757	931	925	9.99999e+008	608	1086	1289	1395	1812	2250	1485	1994	4030	3616	4162	3743	3685	3766	4382	3782	4188	5296	5633	5144	5948	7353	4983	5201	5654	5169	5626	5816	6223	5932	5964	5259	6463	7183	9159	9756	9536	11189	8866	10197	10807	11291	12247	13058	10598	13768	13793	12103	11267	9975	10250	9772	8787	8839	8137	
8712	7949	6766	7408	6792	6256	5577	6375	5516	3892	5439	5145	4432	4683	6149	6579	6853	7553	5263	5017	5322	5647	4339	4207	3803	3769	3927	3901	3996	3883	4226	4589	3776	3420	3622	3248	2974	3034	3129	2885	2149	1973	1743	2200	2519	3848	2861	1997	1268	998	1637	2292	2121	2250	2248	3463	3156	3626	1400	1394	942	9.99999e+008	478	958	1466	1883	2321	2355	2863	4899	4485	5031	4612	4554	3837	5319	4651	5057	6159	5702	6013	6817	8222	5852	6070	6523	6038	6497	6685	7165	6801	6833	6128	7332	8052	10028	10625	10405	11529	9735	10730	11024	11932	12888	13699	10668	13838	13863	12172	11338	10046	10321	9843	8858	8909	8208	
8741	7978	6795	7437	6821	6285	5606	6404	5540	3916	5357	5063	4350	4601	6067	6497	6771	7471	5181	4935	5240	5565	4257	4125	3721	3687	3845	3822	3914	3804	4144	4508	3695	3338	3543	3166	2892	2952	3187	2803	2345	2169	1939	2289	2316	3645	2659	1794	1384	1194	1833	2210	2039	2168	2169	3384	3076	3545	1318	1312	861	597	9.99999e+008	882	988	1405	1843	2272	2783	4819	4403	4949	4530	4474	3359	5169	4542	4977	5681	5224	5930	6735	8140	5770	5988	6441	5956	6413	6603	7010	6719	6753	6048	7252	7972	9946	10545	10325	11051	9318	10252	10546	11454	12410	13221	10190	13360	13385	11694	10860	9568	9843	9365	8380	8431	7730	
9337	8575	7392	8033	7417	6882	6202	7000	6141	4517	5981	5687	4974	5225	6691	7121	7395	8095	5805	5559	5864	6189	4881	4749	4345	4311	4469	4445	4538	4427	4633	4936	4123	3962	4166	3790	3516	3576	3755	3427	2775	2601	2371	1923	1951	3280	2293	1429	1019	1627	2263	2834	2663	2792	2792	3988	3504	3974	1942	1936	1289	1222	972	9.99999e+008	1416	1875	1479	2704	3211	5076	4834	5253	4961	4760	2995	5535	4828	5234	5317	4860	6362	7166	8571	6201	6419	6872	6387	6844	7034	7441	7130	7010	6305	7510	8229	10377	10802	10582	10687	8951	9888	10182	11090	12046	12857	9826	12996	12714	11330	10496	9204	9479	8999	8015	8066	7364	
8982	8313	7130	7679	7156	6620	5941	6739	5818	4194	5507	5211	4589	4749	6215	6410	6683	7383	5093	4847	5324	5068	4416	4273	3934	3900	4058	3896	3827	3907	3342	3645	2832	3251	3370	3475	3213	3364	3599	3215	2758	2584	2354	2811	3254	4583	3597	2733	2274	1609	2248	2622	2451	2546	2379	2697	2213	2683	1730	1724	874	1012	1490	1416	9.99999e+008	584	1340	1288	1920	3956	3418	3964	3545	3640	2895	4184	3708	4114	5217	4760	4946	5750	7155	4785	5003	5456	4971	5428	5618	6025	5734	5890	5185	6389	7109	8961	9682	9462	10587	8792	9788	10082	10990	11946	12757	9726	12896	12921	11230	10396	9104	9379	8899	7914	7966	7264	
8961	8291	7108	7657	7134	6598	5919	6717	5886	4262	5367	5071	4476	4609	6075	6266	6539	7239	4949	4703	5128	5334	4276	4133	3912	3800	3958	3756	3631	3767	3202	3505	2692	3111	3230	3452	3280	3649	3980	3799	3342	3168	2938	3395	3676	5005	4019	3154	2744	2193	2832	3206	3035	3130	2963	2557	2073	2543	2314	2308	1458	1596	2074	1838	584	9.99999e+008	756	1677	1780	3787	4002	3954	4129	3471	2311	4236	3539	3945	4633	4176	5530	6334	7739	5369	5587	6040	5555	6012	6201	6196	5841	5721	5016	6221	6940	9177	9513	9293	10003	8268	9204	9498	10406	11362	12173	9142	12312	12032	10646	9812	8520	8795	8315	7330	7382	6680	
9756	9086	7903	8452	7929	7393	6714	7512	6681	5057	6162	5866	5271	5404	6870	7061	7334	8034	5744	5498	5923	6008	5071	4928	4707	4595	4753	4551	4426	4562	3997	4300	3487	3906	4025	4247	4075	4444	4775	4594	4137	3963	3733	3290	3317	4646	3660	2795	2385	2988	3627	4001	3830	3925	3758	3352	2868	3338	3109	3103	2250	2391	2338	1479	1379	797	9.99999e+008	2472	2575	3636	4320	3774	4431	3320	1555	4056	3388	3793	3877	3420	5713	6518	7865	5670	5889	6223	5857	6112	6049	6043	5689	5570	4865	6069	6788	9025	9361	9141	9247	7511	8448	8742	9650	10606	11417	8386	11556	11274	9890	9056	7764	8039	7559	6574	6626	5924	
7964	7294	6111	6660	6137	5601	4922	5720	4888	3264	4370	4074	3479	3612	5078	5268	5541	6241	3951	3705	4130	4254	3279	3136	2915	2803	2961	2759	2633	2770	2205	2508	1695	2114	2232	2455	2282	2549	2784	2400	1944	2414	2824	3282	3776	5105	4646	3782	3053	2390	1835	1807	1636	1731	1564	1560	1075	1545	915	909	1254	1785	2263	2469	1054	1440	2196	9.99999e+008	782	2818	2604	2956	2731	2474	3751	3238	2541	2976	4084	5332	4131	4936	6341	3970	4189	4641	4157	4614	4804	5211	4871	4752	4047	5251	5971	8147	8544	8324	9977	7654	8985	9595	10079	11035	11846	10048	12817	13174	11583	10718	9425	9701	9223	8238	8289	7588	
8298	7628	6445	6994	6471	5935	5256	6054	5223	3599	4383	4086	3813	3624	5091	5286	5559	6259	3969	3723	4200	4284	3292	3148	3249	3137	3295	2772	2703	2783	2208	1761	2029	2448	2567	2789	2617	2986	3317	3141	2684	3154	3565	4022	4516	5845	5368	4503	3793	3130	2575	2548	2377	2472	2305	1894	1410	1159	1656	1650	1994	2525	3003	3187	1794	1379	1708	1014	9.99999e+008	2036	2340	2174	2390	1720	3116	2456	1788	2194	3302	4550	4113	4783	6188	3629	3848	4390	3816	4275	4450	4443	4089	3970	3265	4469	5189	7426	7762	7542	9195	6872	8203	8813	9297	10253	11064	9266	12064	12461	10814	9936	8643	8919	8441	7456	7507	6806	
8621	7951	6501	7317	6786	5991	5571	6369	6447	4823	4287	3991	3795	3529	4936	5190	5219	5919	3521	3628	3705	2860	3196	3053	3928	3156	3283	2676	2607	2688	2113	1666	2348	2812	2853	3954	3949	4376	4707	5115	4688	5158	5569	6026	6520	7849	7294	6429	5768	5134	4579	4522	4174	4303	4309	3185	3241	2727	3630	3624	3969	4500	4978	5113	3769	3354	3634	3018	2004	9.99999e+008	980	814	1030	906	3059	1386	1862	2023	3132	4677	2738	3423	4828	2269	2486	3028	2456	2913	3103	3721	3219	3763	3058	4299	5018	6634	7413	7371	9024	6701	8032	8633	9126	10082	10893	8882	11410	11684	10093	9552	8259	8749	8271	7286	7337	6636	
7706	7036	5586	6402	5871	5076	4656	5454	5577	3953	3372	3075	2879	2613	4020	4274	4304	5004	2606	2712	2789	1944	2280	2137	3058	2284	2411	1761	1691	1772	1197	750	1502	1962	2008	3082	3077	3504	3835	4384	4318	4788	5198	5655	6149	7478	6783	6318	5589	4926	4371	3790	3329	3458	3434	2340	2325	1811	3451	3445	3790	4321	4799	5005	3590	3175	3551	2536	1843	980	9.99999e+008	546	533	1210	3563	1217	1953	2068	3061	4606	1822	2443	3848	1772	1991	2332	1959	2416	2604	3047	2720	3389	3024	4344	5063	5654	6433	6643	9069	6746	8077	8609	9171	10127	10938	8858	11386	11988	10358	9528	8235	8678	8200	7215	7266	6565	
8251	7581	6131	6947	6416	5621	5201	5999	6122	4498	3917	3621	3425	3159	4310	4384	4593	5293	2895	2897	3079	2234	2826	2683	3603	2829	2956	2306	2237	2318	1743	1296	1975	2438	2480	3627	3622	4049	4380	4930	4863	5333	5744	6201	6695	8024	7234	6369	5959	5472	4917	4336	3801	3930	3980	2812	2871	2357	3997	3991	4336	4867	5345	5053	4136	3721	3574	3082	2383	674	546	9.99999e+008	657	1086	3439	724	1460	1575	2568	4113	1939	2744	4091	1896	2115	2449	2083	2540	2730	3204	2846	3237	2531	3851	4570	5898	6677	6888	8576	6253	7584	8116	8678	9634	10445	8365	10893	11167	9576	9035	7742	8185	7707	6722	6773	6072	
9896	9138	7776	8592	8161	7266	7023	7821	7907	6283	5739	5442	5246	4980	5113	5187	5288	6141	3698	3700	3882	3037	4648	4504	5388	4616	4743	4128	4059	4139	3564	3117	3808	4271	4313	5414	5409	5836	6167	6751	6750	7220	7630	8087	8581	9910	9215	8750	8021	7358	6803	6157	5634	5763	5818	4645	4692	4178	5883	5877	6222	6753	7231	7437	6022	5607	5983	4968	4275	3116	2432	2742	9.99999e+008	3346	5699	3314	3785	3312	3880	5425	1992	2646	4051	1241	1458	2000	1428	1885	2073	2715	2189	3016	2697	3901	4620	5856	6636	6846	8327	6304	7635	8245	8729	9685	10496	8784	11312	11585	9994	9453	8161	8854	8263	7232	7184	6735	
8852	8182	6732	7548	7017	6222	5802	6600	6491	4867	4517	4221	4025	3759	5166	5420	5449	6149	3751	3858	3935	3090	3426	3283	4160	3386	3513	2907	2837	2918	2343	1896	2648	3042	3084	4086	3885	4254	4585	4409	3981	4451	4862	5319	5813	7142	6587	5722	5061	4427	3872	3816	3645	3740	3573	3191	2678	2456	2924	2918	3262	3793	4271	4406	3063	2647	2927	2282	1297	906	1210	1045	1260	9.99999e+008	2353	1616	956	1362	2470	3787	2968	3653	5058	2499	2717	3259	2686	3145	3333	3397	3258	3138	2433	3638	4357	6594	6930	6710	8363	6040	7371	7981	8465	9421	10232	8434	11087	11360	9769	9104	7811	8087	7609	6624	6675	5974	
10503	9833	8650	9199	8676	8140	7461	8259	7843	6219	6613	6317	5722	5855	7305	7379	7588	8288	5890	5892	6074	5229	5522	5379	5158	5046	5204	5002	4933	5014	4440	4007	3930	4357	4656	5184	5179	5606	5937	6150	5693	5519	5289	4846	4873	6202	5216	4352	3941	4544	5183	5557	5098	5227	5282	4308	4348	3779	4665	4659	3806	3947	3895	3035	2935	2353	1595	4028	3030	2942	3541	3447	3668	2626	9.99999e+008	2686	2266	2424	2372	1867	5106	5911	7316	4907	5126	5334	5094	4743	4680	4537	4320	4200	3496	4699	5419	7656	7992	7772	7693	5958	6893	7189	8095	9051	9862	6832	10002	9633	8042	7501	6209	6484	6006	5021	5073	4371	
8819	8149	6699	7515	6984	6189	5769	6567	6647	5023	4485	4189	3993	3727	4981	5055	5264	5964	3566	3568	3750	2905	3394	3251	4126	3354	3481	2874	2805	2886	2311	1864	2546	3010	3051	4152	4147	4574	4905	5498	4984	5454	5864	6322	6816	8145	7398	6950	6244	5581	5026	4904	4247	4376	4431	3383	3439	2925	4107	4101	4416	4976	5454	5633	4217	3801	4149	3465	2451	1246	1217	761	1228	1658	2812	9.99999e+008	736	851	1844	3389	2610	3415	4820	2467	2686	3210	2654	3113	3053	2480	2741	2512	1807	3127	3846	6083	6419	6199	7852	5529	6860	7392	7954	8910	9721	7641	10169	10443	8852	8311	7018	7461	6983	5998	6049	5348	
9555	8885	7435	8251	7720	6925	6505	7303	7006	5382	5221	4925	4729	4463	5717	5791	6000	6700	4302	4304	4486	3641	4130	3987	4685	4090	4217	3610	3541	3622	3047	2600	3282	3746	3787	4572	4400	4769	5100	4895	4467	4937	5348	5805	6299	7628	7073	6208	5547	4913	4358	4302	4131	4226	4059	3677	3193	2942	3410	3404	3748	4279	4757	4892	3549	3133	3413	2768	1783	1695	1953	1497	1964	1379	2392	736	9.99999e+008	473	1582	3127	3346	4151	5556	3203	3422	3383	3390	2792	2729	2723	2369	2250	1545	2749	3468	5705	6041	5821	7474	5151	6482	7092	7576	8532	9343	7546	10276	10549	8958	8216	6923	7199	6721	5736	5787	5086	
9757	9087	7637	8453	7922	7127	6707	7505	7334	5710	5423	5127	4931	4665	5919	5993	6202	6902	4504	4506	4688	3843	4332	4189	5064	4292	4419	3812	3743	3824	3249	2802	3212	3948	3989	4978	4670	5097	5428	5300	4873	5343	5754	6211	6705	8034	7479	6614	5953	5319	4764	4707	4535	4631	4464	4083	3599	3348	3815	3809	4154	4685	5163	5298	3954	3539	3819	3174	2189	2026	2155	1699	2166	1785	2549	938	473	9.99999e+008	1109	2654	3401	4054	5459	3008	3225	2910	3195	2319	2256	2250	1896	1777	1072	2276	2995	5232	5568	5348	6701	4678	6009	6619	7103	8059	8870	7073	9934	10268	8621	7743	6450	6726	6248	5263	5314	4613	
10702	10032	8582	9398	8867	8072	7652	8450	8466	6842	6368	6072	5876	5610	6864	6938	7147	7847	5449	5451	5633	4788	5277	5134	5781	5237	5364	4757	4688	4769	4194	3747	4366	4893	4934	5807	5802	6229	6560	6449	6022	6492	6425	6882	7163	8492	7506	6641	6231	5680	5913	5856	5685	5785	5618	4931	4748	4402	4964	4958	4945	5083	5561	5325	4071	3487	3924	4323	3338	3129	3100	2644	3111	2939	2498	1883	1622	1154	9.99999e+008	1545	3969	4622	6027	3576	3793	3478	3763	2887	2824	2818	2464	2345	1640	2844	3563	5800	6136	5916	6913	5090	6113	6407	7315	8227	9031	5964	9134	8766	7175	6634	5341	5617	5139	4154	4205	3504	
11945	11275	10092	10641	10118	9582	8903	9701	9285	7661	7913	7617	7164	7155	8312	8386	8488	9392	6898	6899	7081	6236	6822	6679	6600	6488	6646	6302	6233	6314	5739	5292	5372	5799	6098	6626	6621	7048	7379	7584	7156	7343	7113	6708	6697	8026	7039	6175	5765	6368	7007	6991	6540	6669	6724	5750	5790	5221	6099	6093	5630	5771	5718	4859	4759	4176	3418	5486	4472	4384	4645	4189	4656	4068	1992	3428	3129	2699	1545	9.99999e+008	5192	5845	7250	5121	5234	4701	5308	4110	4048	4041	3687	3568	2863	4389	4350	6587	6923	6703	5827	4092	5028	5322	6230	7186	7997	4966	8136	7768	6177	5636	4344	4619	4141	3156	3207	2506	
7904	7144	5784	6600	6169	5274	5496	6294	6655	5031	4452	3922	3969	3460	3121	3195	3296	4104	1706	1708	1889	1045	3299	2984	4104	3362	3489	2929	2606	2940	2673	2226	2977	3130	3429	4160	4155	4582	4913	5515	5761	6231	6642	7099	7593	8922	8246	7762	7033	6370	5815	5190	4504	4633	4688	3761	3801	3287	4895	4889	5234	5765	6243	6449	5034	4619	4994	3980	3286	2565	1590	1891	2123	2800	5153	2562	3298	3413	4201	5746	9.99999e+008	1555	2902	991	795	1006	1202	2015	1527	1720	1743	2063	2768	3397	4281	4707	5488	5697	7989	5964	7295	7905	8148	9104	9915	8518	10979	11608	9970	9188	7895	8658	7923	7303	6603	6714	
8616	7839	6497	7313	6882	5987	6360	7158	7519	5895	5316	4786	4833	4324	3985	3907	2937	3637	2570	2572	2754	1909	4163	3848	4968	4226	4353	3793	3470	3805	3537	3090	3842	3994	4293	5024	5020	5447	5778	6380	6626	7096	7506	7963	8457	9786	9111	8626	7897	7234	6679	6055	5369	5498	5553	4625	4665	4151	5759	5753	6098	6629	7107	7313	5898	5483	5859	4844	4151	3347	2454	2755	2900	3577	5930	3426	4162	4089	4658	6203	1210	9.99999e+008	1405	1704	1252	1220	1659	2472	1984	2177	2200	2520	3225	3854	4522	3211	3990	4200	7318	6421	7694	8362	8605	9561	10372	8975	11436	11899	10308	9645	8352	9115	8380	7760	7060	7171	
9958	9181	7839	8655	8224	7329	7619	8417	8778	7154	6573	6044	6080	5582	5243	5249	4279	4979	3917	3977	4101	3256	5421	5106	6226	5485	5612	5144	4820	5155	4942	4495	5247	5345	5641	6283	6278	6705	7036	7638	8031	8501	8911	9368	9862	11191	10516	10031	9302	8639	8084	7405	6719	6848	6903	5973	6070	5556	7164	7158	7503	8034	8512	8718	7303	6888	7264	6249	5556	4752	3801	4102	4305	4982	7335	4826	5562	5494	6063	7608	2615	1405	9.99999e+008	3109	2657	2625	3064	3877	3389	3582	3605	3925	4630	3463	3525	1807	2586	2797	6120	5586	6497	7449	7933	8889	9700	8100	10628	10901	9310	8769	7477	8240	7545	6986	6388	6499	
8700	7940	6581	7397	6965	6070	6014	6812	6898	5273	4730	4433	4237	3971	3917	3991	4093	4901	2503	2504	2686	1841	3639	3495	4379	3606	3733	3119	3049	3130	2555	2108	2798	3262	3304	4404	4400	4826	5158	5742	5741	6211	6621	7078	7572	8901	8206	7741	7012	6349	5794	5148	4625	4754	4809	3635	3683	3169	4874	4868	5213	5744	6222	6428	5013	4598	4974	3959	3266	2106	1422	1733	1659	2336	4689	2304	3040	3001	3570	5115	797	1637	3042	9.99999e+008	449	991	418	1574	1513	1706	1728	2049	2387	3383	4267	4847	5627	5837	8016	5950	7281	7891	8134	9090	9901	8473	10965	11275	9684	9143	7850	8544	7909	6922	6589	6425	
8438	7678	6318	7134	6703	5808	6030	6828	6996	5372	4828	4456	4335	3994	3655	3729	3830	4638	2240	2242	2423	1579	3737	3518	4477	3705	3832	3217	3140	3228	2653	2206	2897	3360	3402	4503	4498	4925	5256	5840	5839	6309	6719	7176	7670	8999	8304	7839	7110	6447	5892	5246	4723	4852	4907	3734	3781	3267	4972	4966	5311	5842	6320	6526	5111	4696	5072	4057	3364	2205	1521	1831	1757	2435	4788	2403	3139	3168	3737	5282	534	1188	2593	494	9.99999e+008	542	517	1552	1064	1257	1279	1600	2305	2934	3818	4398	5178	5388	7525	5501	6832	7442	7685	8641	9452	8055	10516	11145	9507	8725	7432	8195	7460	6840	6140	6251	
8394	7634	6275	7091	6660	5765	5987	6785	7146	5522	4943	4413	4460	3951	3611	3685	3787	4595	2197	2198	2380	1535	3790	3475	4595	3853	3980	3420	3096	3431	3077	2630	3320	3621	3825	4651	4646	5073	5404	6006	6252	6722	7133	7590	8084	9413	8737	8253	7524	6861	6306	5670	4995	5124	5179	4157	4205	3691	5386	5380	5724	6256	6734	6940	5525	5110	5485	4471	3777	2628	1944	2255	2181	2858	5211	2826	3562	3122	3691	5236	491	1144	2549	985	533	9.99999e+008	940	1505	1017	1210	1233	1553	2258	2887	3771	4355	5134	5344	7479	5454	6785	7395	7638	8594	9405	8008	10469	11098	9460	8678	7385	8148	7413	6793	6093	6204	
8646	7976	6526	7342	6811	6016	5596	6394	6479	4855	4312	4015	3819	3553	5020	5214	5243	5943	3545	3652	3729	2884	3221	3077	3961	3188	3315	2701	2631	2712	2137	1690	2380	2844	2886	3986	3982	4408	4740	5324	5322	5792	6202	6659	7153	8482	7787	7322	6593	5930	5375	4730	4207	4336	4391	3217	3265	2751	4455	4449	4794	5325	5803	6009	4594	4179	4555	3540	2847	1688	1004	1315	1241	1918	4271	1886	2622	2737	3730	5275	2762	3447	4852	2480	2699	3241	9.99999e+008	3124	3312	3956	3428	4255	3693	5013	5732	6658	7437	7647	9438	7415	8746	9278	9840	10796	11607	9527	12055	12329	10738	10197	8904	9347	8869	7884	7935	7234	
9783	9023	7664	8480	8049	7154	7356	8154	8240	6616	6072	5775	5579	5313	5000	5074	5176	5984	3586	3587	3769	2924	4981	4837	5721	4949	5076	4461	4392	4472	3897	3450	4141	4604	4646	5747	5742	6169	6500	7084	7083	7553	7963	8420	8914	10243	9548	8830	8169	7535	6980	6490	5967	6096	6151	4978	5025	4511	6031	6025	6370	6901	7379	7514	6170	5755	6035	5301	4405	3449	2765	3076	3001	3679	4765	2826	2689	2216	2784	4329	1880	2533	3938	1574	1791	1389	1761	9.99999e+008	488	929	423	1202	1601	2536	3420	5657	5993	5773	7128	5103	6434	7044	7287	8243	9054	7657	10118	10702	9109	8327	7034	7797	7062	6136	5742	5852	
9720	8960	7601	8417	7986	7091	7313	8111	8428	6804	6261	5739	5768	5277	4937	5011	5113	5921	3523	3524	3706	2861	5116	4801	5910	5137	5264	4650	4422	4661	4086	3639	4329	4793	4835	5935	5931	6357	6689	7273	7123	7593	8004	8461	8955	10284	9624	8864	8203	7569	7014	6679	6156	6285	6340	5166	5214	4700	6065	6059	6404	6935	7413	7548	6204	5789	6069	5424	4439	3637	2953	3264	3190	3867	4799	2763	2723	2250	2818	4363	1817	2470	3875	1762	1859	1326	1949	488	9.99999e+008	866	361	1139	1635	2473	3357	5594	5930	5710	7065	5040	6371	6981	7224	8180	8991	7594	10055	10639	9046	8264	6971	7734	6999	6170	5679	5789	
9231	8471	7112	7928	7496	6602	6824	7622	7983	6359	5779	5249	5296	4787	4448	4522	4624	5432	3034	3035	3217	2372	4626	4311	5431	4690	4817	4257	3933	4268	3914	3467	4157	4458	4662	5488	5483	5910	6241	6843	7089	7559	7970	8427	8921	10250	9564	9080	8361	7698	7143	6507	5832	5961	6016	4994	5042	4528	6223	6217	6561	7093	7571	7764	6362	5947	6285	5308	4614	3465	2781	3092	3018	3695	5015	2728	2939	2465	3034	4579	1328	1981	3386	1822	1370	837	1777	951	888	9.99999e+008	576	1104	1809	2438	3322	5192	5895	5675	7030	5005	6336	6946	7189	8145	8956	7559	10020	10604	9011	8229	6936	7699	6964	6344	5644	5753	
9408	8648	7289	8105	7674	6779	7001	7799	8160	6536	5957	5427	5474	4965	4625	4699	4801	5609	3211	3212	3394	2549	4804	4489	5609	4867	4994	4434	4110	4445	4091	3644	4334	4635	4839	5665	5660	6087	6418	7020	6762	7232	7643	8100	8594	9923	9312	8503	7842	7208	6653	6596	6009	6138	6193	5171	5219	4705	5704	5698	6043	6574	7052	7187	5843	5428	5708	5063	4078	3642	2958	3212	3195	3563	4438	2451	2362	1889	2458	4003	1505	2158	3563	1878	1547	1014	1954	423	361	554	9.99999e+008	827	1275	2161	3045	5282	5618	5398	6753	4728	6059	6669	6912	7868	8679	7282	9743	10327	8734	7952	6659	7422	6687	5810	5367	5477	
9704	8944	7585	8401	7969	7075	7297	8095	8456	6832	6252	5722	5769	5260	4921	4995	5097	5905	3507	3508	3690	2845	5099	4784	5904	5163	5290	4730	4406	4741	4387	3940	4630	4931	5135	5961	5956	6383	6714	7070	6643	7113	7524	7981	8475	9804	9249	8384	7723	7089	6534	6477	6257	6386	6234	5467	5369	5001	5585	5579	5924	6455	6933	7068	5724	5309	5589	4944	3959	3748	3254	3267	3491	3555	4319	2506	2243	1770	2338	3883	1801	2454	3859	2295	1843	1310	2250	1424	1361	473	1049	9.99999e+008	705	1334	2218	4455	4791	4571	5924	3901	5232	5842	6085	7041	7852	6437	8916	9239	7666	7107	5815	6577	5617	5240	4540	4651	
10409	9649	8290	9106	8674	7780	7570	8368	8399	6775	6286	5990	5794	5528	5626	5700	5802	6610	4212	4213	4395	3550	5195	5052	5927	5155	5282	4675	4606	4686	4112	3665	4277	4810	4852	5953	5735	6162	6493	6365	5938	6408	6819	7276	7770	9099	8544	7679	7018	6384	5829	5772	5600	5696	5529	5148	4664	4413	4880	4874	5219	5750	6228	6363	5019	4604	4884	4239	3254	3047	3018	2562	3029	2850	3614	1801	1538	1065	1634	3179	2506	3159	4564	2387	2548	2015	2573	1698	1635	1178	1275	705	9.99999e+008	1654	2374	4611	4947	4727	6080	4057	5388	5998	6482	7438	8249	6510	9038	9311	7720	7179	5887	6004	5526	4535	4937	4405	
11046	10286	8927	9743	9311	8417	8639	9437	9603	7979	7594	7064	7111	6602	6263	6337	6439	7247	4849	4850	5032	4187	6441	6126	7246	6505	6632	6072	5748	6083	5518	5071	5481	6217	6258	7247	6939	7366	7697	7569	7142	7612	8023	8480	8974	10303	9748	8883	8222	7588	7033	6976	6804	6900	6733	6352	5868	5617	6084	6078	6423	6954	7432	7567	6223	5808	6088	5443	4458	4295	4424	3968	4435	4054	4818	3207	2742	2269	2837	4382	3143	3796	3722	3590	3185	2652	3592	2766	2703	1815	2391	1342	1605	9.99999e+008	1035	3272	3608	3388	4741	2718	4049	4659	5143	6099	6910	5209	7738	8011	6420	5879	4587	5350	4677	4118	3598	3468	
11893	11133	9774	10590	10158	9264	9486	10284	10302	8678	8391	7911	7899	7449	7110	7184	7286	8094	5696	5697	5879	5034	7288	6973	8032	7260	7387	6780	6595	6792	6217	5770	6180	6916	6957	7946	7638	8065	8396	8268	7841	8311	8722	9179	9673	11002	10447	9582	8921	8287	7732	7675	7503	7599	7432	7051	6567	6316	6783	6777	7122	7653	8131	8266	6922	6507	6787	6142	5157	4994	5123	4667	5134	4753	5517	3906	3441	2968	3536	4340	3990	4643	3893	4289	4032	3499	4439	3613	3550	2662	3238	2189	2303	1033	9.99999e+008	2237	2573	2353	4006	2224	3206	3924	4408	5364	6175	4724	7239	7562	6209	5430	4138	4900	3940	3624	2863	2974	
11765	10988	9646	10462	10031	9136	9426	10224	10585	8961	8380	7851	7887	7389	7050	7056	6086	6786	5724	5783	5906	5061	7228	6913	8033	7292	7419	6949	6625	6960	6748	6301	7053	7150	7446	8090	8085	8512	8843	9445	9837	10307	10717	11174	11668	12997	12322	11819	11108	10445	9890	9210	8524	8653	8708	7778	7876	7362	8970	8964	9309	9840	10318	10503	9109	8694	9024	8055	7362	6558	5608	5909	6111	6788	7754	6143	5678	5205	5773	6577	4421	3211	1807	4915	4463	4431	4870	5683	5195	4899	5411	4426	4540	3270	2237	9.99999e+008	970	1007	4313	4461	4690	5845	6330	7286	8097	6645	9161	9790	8130	7321	6029	6792	6177	5861	5100	5211	
12544	11767	10425	11241	10810	9915	10205	11003	11364	9740	9159	8630	8666	8168	7829	7835	6865	7565	6503	6562	6687	5842	8007	7692	8812	8071	8198	7730	7406	7741	7527	7080	7832	7931	8227	8869	8864	9291	9622	10224	10414	10884	11295	11752	12246	13575	13020	12155	11494	10860	10305	9991	9305	9434	9489	8559	8655	8141	9356	9350	9695	10226	10704	10839	9495	9080	9360	8715	7730	7337	6387	6688	6890	7326	8090	6479	6014	5541	6109	6913	5200	3990	2586	5694	5242	5210	5649	6186	5974	5235	5811	4762	4876	3606	2573	988	9.99999e+008	935	4649	4797	5026	6182	6666	7620	8433	6982	9497	10126	8467	7657	6365	7128	6513	6197	5436	5547	
12731	11954	10612	11428	10997	10102	10392	11190	11551	9927	9346	8817	8853	8355	8016	8022	7052	7752	6690	6749	6872	6027	8194	7879	8999	8258	8385	7915	7591	7926	7714	7267	8019	8116	8412	9056	9051	9478	9809	10411	10194	10664	11075	11532	12026	13355	12800	11935	11274	10640	10085	10028	9490	9619	9674	8744	8842	8328	9136	9130	9475	10006	10484	10619	9275	8860	9140	8495	7510	7347	6574	6875	7077	7106	7870	6259	5794	5321	5889	6693	5387	4177	2773	5881	5429	5397	5836	5966	5903	5015	5591	4542	4656	3386	2353	966	670	9.99999e+008	3975	4577	4352	5507	5992	6946	7759	6307	8823	9113	7522	6981	5689	6452	6293	5977	5216	5327	
15873	15113	13754	14570	14138	13244	13466	14264	14277	12653	12253	11891	11761	11429	10799	11164	10375	11075	9384	9386	9568	8723	11053	10738	11858	11116	11243	10611	10287	10622	10079	9632	10155	10778	10819	11887	11613	12040	12371	12248	11821	12291	12702	12547	12536	13865	12878	12014	11604	12207	11712	11655	11478	11579	11412	11031	10547	10296	10763	10757	11102	11610	11557	10698	10598	10015	9257	10122	9137	8969	8985	8529	8996	8733	7831	7768	7421	6948	6936	5839	7678	7438	6210	8269	7720	7188	8128	7593	7530	6351	6927	5876	5990	4720	3980	4403	4735	4065	9.99999e+008	1991	969	1588	2073	3029	3840	2388	4904	5533	3873	3284	2306	3069	3549	4538	2770	3420	
13589	12829	11470	12286	11854	10960	11182	11980	12332	10708	10137	9607	9654	9145	8806	8880	8982	9790	7392	7393	7575	6730	8984	8669	9789	9048	9175	8615	8291	8626	8111	7664	8210	8809	8851	9846	9668	10095	10426	10298	9871	10341	10752	10796	10786	12115	11128	10264	9854	10317	9762	9705	9533	9629	9462	9081	8597	8346	8813	8807	9152	9683	9807	8944	8845	8262	7504	8172	7187	7024	7017	6561	7028	6783	6078	5800	5471	4998	5098	4087	5686	6339	5589	6180	5728	5195	6135	5309	5246	4358	4934	3885	3999	2729	2198	4435	4771	4551	2023	9.99999e+008	1331	1941	2425	3381	4192	2741	5256	5547	3956	3415	2123	2439	1957	2784	880	1669	
14613	13853	12494	13310	12878	11984	12206	13004	13310	11686	11161	10631	10678	10169	9830	9904	10006	10814	8416	8417	8599	7754	10008	9693	10813	10072	10199	9639	9315	9650	9112	8665	9188	9811	9852	10870	10646	11073	11404	11281	10854	11324	11735	11580	11569	12898	11911	11047	10637	11240	10745	10688	10511	10612	10445	10064	9580	9329	9796	9790	10135	10643	10590	9731	9631	9048	8290	9155	8170	8002	8018	7562	8029	7766	6864	6801	6454	5981	5969	4872	6710	7363	6613	7204	6752	6219	7159	6333	6270	5382	5958	4909	5023	3753	3013	5250	5586	5304	1239	1024	9.99999e+008	1157	1642	2598	3409	1957	4473	4763	3172	2631	1339	2102	2582	3571	1803	2453	
15525	14765	13406	14222	13790	12896	13048	13846	13788	12164	11764	11468	11272	11006	10742	10816	10918	11726	9328	9329	9511	8666	10673	10530	11405	10633	10760	10153	10084	10165	9590	9143	9666	10289	10330	11397	11124	11551	11882	12193	11726	12196	12435	12030	12019	13348	12361	11497	11087	11690	11657	11600	10989	11118	11173	10662	10239	9951	10708	10702	10952	11093	11040	10181	10081	9498	8740	10067	9082	8480	8496	8040	8507	8391	7314	7279	7366	6893	6419	5322	7622	8275	7525	7926	7664	7131	8071	7245	7182	6294	6870	5821	5935	4665	3925	5990	6322	5652	1587	1936	1297	9.99999e+008	913	1868	2680	800	3319	3828	2237	1696	1799	2562	3042	4031	2253	2903	
16236	15476	14117	14933	14501	13607	13829	14627	14898	13274	12784	12254	12301	11792	11453	11527	11629	12437	10039	10040	10222	9377	11631	11316	12436	11695	11822	11262	10938	11273	10701	10254	10776	11400	11441	12493	12234	12661	12992	12945	12518	12988	13399	13443	13433	14762	13775	12911	12501	12964	12409	12352	12099	12228	12109	11728	11244	10993	11460	11454	11799	12330	12454	11375	11275	10651	9893	10819	9834	9590	9607	9151	9618	9430	8467	8390	8118	7645	7487	6476	8333	8986	8236	8827	8375	7842	8782	7956	7893	7005	7581	6532	6646	5376	4845	6712	7044	6374	2309	2647	2009	1445	9.99999e+008	956	1767	1510	2831	3460	1822	2805	2898	3703	4183	5172	3362	4012	
16933	16173	14814	15630	15198	14304	14526	15324	15635	14011	13481	12951	12998	12489	12150	12224	12326	13134	10736	10737	10919	10074	12328	12013	13133	12392	12519	11959	11635	11970	11455	11008	11513	12153	12195	13190	12971	13398	13729	13601	13174	13644	14055	13895	13884	15213	14226	13362	12952	13555	13065	13008	12836	12932	12765	12384	11900	11649	12116	12110	12455	12958	12905	12046	11946	11363	10605	11475	10490	10327	10361	9905	10372	10086	9179	9144	8774	8301	8241	7187	9030	9683	8933	9524	9072	8539	9479	8653	8590	7702	8278	7229	7343	6073	5333	7398	7730	7060	2995	3344	2705	1865	1146	9.99999e+008	911	2264	1975	2604	2577	3560	3653	4427	4907	5896	4117	4767	
17843	17083	15724	16540	16108	15214	15436	16234	16563	14939	14391	13861	13908	13399	13060	13134	13236	14044	11646	11647	11829	10984	13238	12923	14043	13302	13429	12869	12545	12880	12365	11918	12441	13063	13105	14100	13899	14326	14657	14552	14125	14595	15006	14805	14794	16123	15136	14272	13862	14465	14016	13959	13764	13883	13716	13335	12851	12600	13067	13061	13406	13868	13815	12956	12856	12273	11515	12426	11441	11255	11271	10815	11282	11037	10089	10054	9725	9252	9151	8097	9940	10593	9468	10434	9982	9449	10389	9563	9500	8612	9188	8139	8253	6983	6313	7661	7993	7323	3739	4254	3615	2775	2055	980	9.99999e+008	3174	1914	2543	3486	4469	4574	5337	5817	6806	5028	5678	
16325	15565	14206	15022	14590	13696	13513	14311	14251	12627	12229	11933	11737	11471	11542	11616	11718	12526	10128	10129	10311	9466	11138	10995	11566	11098	11225	10618	10549	10630	10055	9608	10131	10754	10795	11592	11587	12014	12345	12426	11999	12309	12079	11673	11663	12992	12005	11141	10731	11334	11890	11833	11454	11583	11595	10716	10704	10187	10941	10935	10596	10737	10684	9825	9725	9141	8383	10300	9315	8945	8961	8505	8972	8856	6957	7744	7599	7131	5977	4966	8422	9075	8254	8391	8464	7931	8578	7802	7739	7094	7427	6458	6465	5302	4725	6790	7122	6452	2387	2736	2097	800	1712	2263	3067	9.99999e+008	3170	3194	1548	1341	1434	2197	2677	3666	1897	2548	
18839	18079	16720	17536	17104	16210	16021	16819	16760	15136	14737	14441	14245	13979	14056	14130	14232	15040	12642	12643	12825	11980	13646	13503	14378	13606	13733	13126	13057	13138	12563	12116	12638	13262	13303	14370	14096	14523	14854	15240	14698	15168	15459	15053	15043	16372	15385	14521	14111	14714	14775	14647	13961	14090	14145	13635	13211	12923	13860	13854	13976	14117	14064	13205	13105	12521	11763	13218	12233	11452	11469	11013	11480	11364	10337	10252	10450	10111	9357	8346	10936	11589	10659	10899	10978	10445	11085	10310	10247	9608	9935	9135	9093	7842	7239	8852	9184	8514	4901	5250	4611	3314	3067	1992	1191	3380	9.99999e+008	700	2324	4104	4505	4151	4631	5620	5238	5889	
19468	18708	17349	18165	17733	16839	16650	17448	17390	15766	15366	15070	14874	14608	14685	14759	14861	15669	13271	13272	13454	12609	14275	14132	14773	14235	14362	13755	13686	13767	13192	12745	13267	13891	13932	14799	14726	15153	15484	15633	15206	15516	15286	14880	14870	16199	15212	14348	13938	14541	15097	15040	14590	14719	14774	13923	13840	13394	14148	14142	13803	13944	13891	12952	12932	12267	11509	13507	12522	12081	12098	11642	12109	11993	10083	10881	10806	10338	9103	8092	11565	12218	11288	11528	11607	11074	11714	10939	10876	10237	10564	9621	9506	8465	7868	9481	9813	9143	5530	5879	5240	3943	3697	2622	1820	3207	700	9.99999e+008	1646	3426	3805	3473	3953	4942	5030	5710	
17836	17076	15717	16533	16101	15207	15024	15822	15764	14140	13740	13444	13248	12982	13053	13127	13229	14037	11639	11640	11822	10977	12649	12506	13082	12609	12736	12129	12060	12141	11566	11119	11642	12265	12306	13108	13100	13527	13858	13942	13515	13825	13595	13190	13179	14508	13521	12657	12247	12850	13406	13349	12965	13094	13111	12232	12215	11703	12457	12451	12112	12253	12200	11341	11241	10658	9900	11816	10831	10456	10472	10016	10483	10367	8473	9255	9115	8647	7493	6482	9933	10586	9766	9902	9975	9442	10089	9313	9251	8605	8938	7974	7915	6818	6236	8301	8633	7963	3898	4247	3608	2311	2055	2562	3367	1561	2324	1646	9.99999e+008	1835	2213	1881	2361	3350	3413	4064	
17366	16606	15247	16063	15631	14737	14537	15335	15275	13651	13253	12957	12761	12495	12583	12657	12759	13567	11169	11170	11352	10507	12162	12019	12590	12122	12249	11642	11573	11654	11079	10632	11154	11778	11819	12616	12611	13038	13369	13450	13023	13333	13103	12697	12687	14016	13029	12165	11755	12358	12914	12857	12477	12606	12619	11740	11727	11211	11965	11959	11620	11761	11708	10842	10749	10157	9399	11324	10339	9968	9985	9529	9996	9880	7973	8768	8623	8155	6993	5982	9463	10116	9278	9415	9505	8972	9601	8826	8763	8135	8451	7482	7396	6326	5766	7831	8163	7493	3428	3777	3138	1841	2596	3103	3908	2102	2810	2132	541	9.99999e+008	1695	1363	1843	2832	2920	3571	
15723	14963	13604	14420	13988	13094	12890	13688	13629	12005	11606	11310	11114	10848	10940	11014	11116	11924	9526	9527	9709	8864	10515	10372	10944	10475	10602	9995	9926	10007	9432	8985	9508	10131	10172	10970	10965	11392	11723	11803	11376	11687	11457	11050	11041	12370	11383	10519	10109	10712	11267	11210	10831	10960	10972	10094	10081	9565	10318	10312	9974	10115	10062	9203	9103	8520	7760	9677	8692	8322	8338	7882	8349	8233	6334	7121	6976	6508	5354	4344	7820	8473	7632	7768	7862	7329	7955	7179	7117	6492	6804	5836	5842	4680	4149	6386	6722	6360	2295	2134	1495	1783	2696	3651	4463	1434	4492	3814	2223	1682	9.99999e+008	811	1291	2280	1275	1925	
16332	15662	14212	15028	14497	13702	13282	14080	13904	12280	11998	11702	11506	11240	11676	11777	11879	12687	10261	10290	10444	9599	10907	10764	11219	10867	10994	10387	10318	10399	9824	9377	9991	10418	10564	11245	11240	11667	11998	12079	11652	11962	11732	11326	11316	12645	11658	10794	10384	10987	11543	11486	11159	11288	11248	10369	10378	9840	10594	10588	10249	10390	10337	9478	9378	8794	8036	9953	8968	8759	8730	8274	8741	8569	6610	7513	7252	6784	5630	4619	8555	9208	8315	8452	8597	8064	8639	7863	7800	7227	7488	6598	6032	5396	4911	7148	7484	7123	3058	2443	2258	2546	3459	4414	5226	2197	4151	3473	1881	2445	811	9.99999e+008	480	1469	1557	2346	
15552	14792	13433	14249	13817	12923	12804	13602	13426	11802	11520	11224	11028	10762	10769	10843	10945	11753	9355	9356	9538	8693	10429	10286	10741	10389	10516	9909	9840	9921	9346	8899	9513	9940	10086	10767	10762	11189	11520	11601	11174	11484	11254	10848	10838	12167	11180	10316	9906	10509	11065	11008	10681	10810	10770	9891	9900	9362	10116	10110	9771	9912	9859	8998	8900	8316	7558	9475	8490	8281	8252	7796	8263	8091	6132	7035	6774	6306	5152	4141	7649	8302	7552	7939	7691	7158	8098	7250	7187	6321	6827	5638	5552	4482	3951	6188	6524	6304	3538	1962	2738	3026	3939	4894	5706	2677	4631	3953	2361	2925	1291	480	9.99999e+008	991	1077	1866	
14867	14197	12747	13563	13032	12237	11817	12615	12439	10815	10533	10237	10041	9775	10190	10264	10366	11174	8776	8777	8959	8114	9442	9299	9754	9402	9529	8922	8853	8934	8359	7912	8526	8953	9099	9780	9775	10202	10533	10614	10187	10497	10267	9861	9851	11180	10193	9329	8919	9522	10078	10021	9694	9823	9783	8904	8913	8375	9129	9123	8784	8925	8872	8011	7913	7329	6571	8488	7503	7294	7265	6809	7276	7104	5145	6048	5787	5319	4165	3154	7070	7723	6846	6953	7112	6579	7139	6264	6201	5742	5841	5269	4566	3927	3632	5869	6205	5985	4527	2789	3727	4015	4928	5883	6695	3666	5620	4942	3350	3914	2280	1469	991	9.99999e+008	1904	1201	
14265	13505	12146	12962	12530	11636	11858	12656	12492	10868	10586	10283	10094	9821	9482	9556	9658	10466	8068	8069	8251	7406	9495	9345	9807	9455	9582	8975	8906	8987	8412	7965	8579	9006	9152	9833	9828	10255	10586	10667	10240	10549	10319	9914	9904	11233	10246	9382	8972	9574	10131	10074	9747	9876	9836	8957	8966	8428	9182	9176	8837	8977	8925	8064	7965	7382	6624	8541	7556	7347	7318	6862	7329	7157	5198	6101	5840	5372	4218	3207	6362	7015	6474	6856	6404	5871	6811	5985	5922	5034	5610	4561	4619	3405	2874	5111	5447	5227	2758	885	1959	2253	3161	4115	4928	1897	5032	4699	3108	2567	1275	1557	1077	1904	9.99999e+008	789	
14218	13548	12098	12914	12383	11588	11168	11966	11791	10167	9884	9588	9392	9126	9541	9615	9717	10525	8127	8128	8310	7465	8793	8650	9106	8753	8880	8273	8204	8285	7710	7263	7878	8305	8450	9132	9127	9554	9885	9965	9538	9847	9617	9212	9203	10532	9545	8681	8271	8872	9429	9372	9046	9175	9134	8256	8264	7727	8480	8474	8136	8275	8224	7363	7263	6680	5922	7839	6854	6645	6616	6160	6627	6455	4497	5399	5138	4670	3516	2506	6421	7074	6198	6304	6463	5930	6490	5615	5552	5093	5192	4620	3917	3278	2984	5221	5557	5337	3409	1674	2609	2903	3811	4765	5578	2548	5683	5349	3758	3217	1925	2207	1727	1202	789	9.99999e+008	

